78.80342
4.044073
27.028248
0.5533452
25.200787
45.33548
71.706276
58.14674
79.18413
12.948443
47.67559
41.854027
81.30091
21.449446
58.917744
33.87936
40.559853
28.206358
20.539024
8.902323
32.45204
19.200687
10.347237
71.67955
63.874947
31.804724
83.08408
28.418081
88.812256
2.151822
10.714018
96.88353
86.046135
4.935585
11.843494
12.717103
25.278229
24.640594
24.6023
79.810715
78.62316
92.15441
30.336899
77.3777
4.947037
97.30848
64.77482
13.167292
68.949905
7.623019
34.439384
50.620888
66.580025
54.68393
44.981976
44.3529
15.802068
34.98895
14.870676
51.850254
49.79255
44.555527
13.728637
48.171955
54.7557
0.0
48.608345
34.95864
0.0
9.135946
0.91258883
50.39736
0.0
21.043629
4.1991415
0.0
15.080312
21.236551
31.865782
7.6945186
19.01902
3.4622014
0.0
0.0
8.391327
29.407707
28.956821
32.674633
26.490635
31.524277
11.888594
0.0
12.706804
19.85254
13.845748
8.914486
11.251625
0.0
0.0
0.0
0.0
1.231727
0.0
14.4254265
0.0
0.0
27.354155
0.0
11.735598
3.7527204
6.875315
0.0
26.020945
18.233282
1.3227582
37.49101
21.177774
28.646168
0.0
0.0
14.947975
4.898983
0.0
0.0
0.0
44.08987
21.405092
0.0
7.5365725
15.476454
7.0676565
5.5198193
5.0863175
0.0
8.912865
0.0
27.200085
37.397106
2.9299111
12.343279
0.0
0.0
7.603791
0.0
0.0
0.0
0.0
19.461716
26.63465
22.28154
