47.349648
59.52831
72.71712
4.4808807
20.724062
12.614059
6.077598
50.88941
69.98451
0.20550065
56.677094
34.574715
44.286953
48.593925
47.009914
45.180805
76.70583
59.42896
15.00244
42.989403
20.862713
75.44252
37.637016
75.23766
66.02257
90.205826
2.9940314
14.833393
70.86979
21.145247
1.8087441
71.76871
86.35527
42.769577
32.2494
10.165884
89.02415
69.012054
56.77906
65.7013
31.178299
50.423267
1.4166667
2.53452
15.337138
55.654858
41.85254
83.50486
68.364
35.998188
70.39026
58.352684
69.955215
67.131195
55.065376
54.518097
25.87145
75.29905
30.559835
97.48403
77.42138
70.2277
36.71128
93.43321
84.694824
25.335571
100.0
68.670296
21.741148
81.42187
39.607655
100.0
23.934559
88.066666
37.509068
50.86922
82.14031
61.26494
72.17755
31.220201
75.62234
35.605385
49.345665
33.390625
58.59302
69.595
50.848442
53.78557
47.255527
55.466877
33.012394
25.506342
37.961018
41.870644
35.56664
26.397184
27.207369
11.87737
0.0
0.0
0.0
4.4682446
1.0685235
16.474134
0.7360488
0.0
28.668118
0.0
12.575806
4.3449073
7.4205904
0.0
26.370346
18.802464
1.7116755
37.63269
22.240234
28.911015
0.0
0.0
15.005994
4.9456267
0.0
0.0
0.0
44.106583
21.858767
0.0
7.5483947
15.485006
7.0784626
5.5268345
5.0926476
0.0
8.91695
0.0
27.203056
37.41326
2.993685
12.345189
0.0
0.0
7.605073
0.0
0.0
0.0
0.0
19.462353
26.635942
22.286255
