87.85988
66.69307
43.319065
4.0539207
65.357155
45.62786
62.750164
99.90628
30.874207
77.73158
41.95807
46.153713
44.164425
55.268887
27.624523
80.485634
7.8534713
24.140574
54.00674
12.415706
69.8115
7.1486673
16.481554
8.365633
30.86063
10.106002
65.068924
73.32827
36.637127
39.0343
29.995352
5.0929065
89.27438
50.190453
9.556245
49.66637
71.57738
75.03293
85.801865
52.34287
90.62058
84.714676
33.28051
54.621216
64.3229
34.1603
74.1541
67.93734
98.979866
31.92876
86.69749
26.355618
0.7725966
68.233154
78.18131
95.703415
5.0172415
34.58205
14.921978
87.5475
85.36487
12.098675
94.66812
44.70287
53.284595
52.710175
6.4815283
21.71816
13.31064
1.4084392
56.331356
94.10764
86.71387
20.461336
54.39815
55.0746
81.74693
54.48856
51.1698
60.59247
52.723392
23.745647
92.84991
25.6582
63.5659
2.6240323
53.933735
85.67043
48.593544
98.868675
11.664467
26.836245
98.89666
18.809296
39.552273
56.426617
66.317314
0.5208622
47.53446
14.820876
51.4593
1.4047891
0.0
0.0
3.4877837
0.0
0.0
0.652805
3.8149328
0.26450455
2.2425354
2.738771
0.0
0.97305775
2.4897456
0.0
3.0670106
0.0
1.4202088
0.93510747
4.337737
0.10744929
5.1912875
0.0
1.8833697
0.0
100.0
100.0
96.31908
98.56069
100.0
98.445915
100.0
100.0
100.0
98.200874
100.0
98.85427
100.0
100.0
100.0
100.0
100.0
99.151955
97.931274
97.85852
100.0
100.0
100.0
100.0
99.97297
99.79786
98.77612
98.857666
100.0
98.7105
97.7811
100.0
97.67656
100.0
100.0
97.50555
100.0
96.93269
98.44243
96.76819
98.80421
100.0
99.63238
96.232895
100.0
100.0
95.93563
99.507744
99.61649
98.83642
100.0
97.67144
100.0
98.65345
100.0
100.0
98.48452
99.9414
97.95573
100.0
99.45097
100.0
100.0
100.0
100.0
99.769066
99.26392
100.0
98.00813
99.17582
96.58041
100.0
100.0
99.35786
96.34023
100.0
97.95538
100.0
99.15359
100.0
94.81848
94.77446
98.33423
100.0
100.0
95.35278
99.69963
100.0
98.67761
100.0
100.0
100.0
99.60778
98.84593
100.0
100.0
100.0
99.61912
100.0
100.0
97.37133
98.57392
99.20256
100.0
99.99015
100.0
100.0
98.73596
100.0
98.42849
100.0
100.0
97.02674
99.20843
99.02849
100.0
100.0
97.74146
98.76307
100.0
100.0
100.0
97.403305
100.0
98.48214
100.0
97.96046
99.979675
98.658325
98.86615
100.0
95.35603
98.92385
99.70026
99.68266
95.16417
100.0
100.0
100.0
96.34321
99.62431
100.0
99.84797
100.0
100.0
95.80383
97.21928
100.0
100.0
100.0
99.72833
100.0
98.58855
100.0
100.0
98.6888
97.77631
95.73133
99.00451
97.9809
100.0
100.0
100.0
100.0
97.26739
98.32815
100.0
99.24563
100.0
96.68274
98.93638
100.0
97.30992
100.0
100.0
99.96581
100.0
98.89158
100.0
100.0
100.0
100.0
100.0
100.0
100.0
100.0
99.64882
99.06231
100.0
99.36334
98.27226
100.0
99.65939
100.0
96.676384
100.0
100.0
99.046585
100.0
95.840645
97.93746
100.0
96.0363
100.0
100.0
98.8371
98.953674
99.05349
100.0
99.130615
99.98445
100.0
100.0
99.858765
100.0
100.0
98.162415
100.0
100.0
96.34869
100.0
100.0
99.44408
99.50701
95.82772
99.819336
100.0
97.30176
100.0
100.0
100.0
100.0
97.89819
99.34729
100.0
96.62497
100.0
98.68483
100.0
100.0
100.0
100.0
99.78459
100.0
98.89909
100.0
98.39762
99.586784
99.94105
100.0
100.0
100.0
97.644516
96.7473
100.0
97.86843
100.0
100.0
100.0
96.646996
100.0
100.0
100.0
94.9787
100.0
100.0
97.356346
100.0
99.28046
98.31689
94.60246
100.0
100.0
98.1151
100.0
100.0
100.0
100.0
98.95158
100.0
96.61758
97.91709
100.0
97.29686
97.26578
98.752365
100.0
100.0
100.0
100.0
99.10103
98.30087
98.67091
98.51583
98.6252
97.37497
100.0
96.99918
98.51273
97.05231
100.0
97.007034
96.31297
100.0
100.0
99.134514
100.0
100.0
98.26795
100.0
100.0
100.0
100.0
99.56092
98.14004
99.10746
99.382576
100.0
97.108475
99.95177
100.0
100.0
100.0
100.0
98.10909
95.58548
99.4579
100.0
98.92378
100.0
100.0
100.0
100.0
100.0
99.71045
96.03782
100.0
100.0
95.70855
92.56623
98.87664
98.22439
98.03604
100.0
97.789444
96.73246
98.52129
100.0
100.0
100.0
99.53669
100.0
100.0
100.0
100.0
100.0
100.0
100.0
98.04369
99.58578
95.78748
100.0
100.0
99.66143
100.0
99.30837
100.0
100.0
99.896286
97.993774
95.46238
99.711845
98.92304
100.0
