15.694985
48.838955
38.525215
86.01758
5.236764
46.28437
74.2967
96.33174
95.36569
50.26171
72.02274
69.466995
62.86232
37.476673
75.9743
24.63357
10.618596
1.2528694
66.959724
93.45157
96.92372
51.289307
43.538597
19.129831
97.921394
8.898782
88.50217
71.6103
1.2979411
98.05227
73.11262
36.500843
80.912254
40.42286
90.6821
56.7349
92.93844
61.37431
7.165789
81.511635
46.371975
7.8374333
53.143227
61.41967
54.01027
11.057108
31.213552
39.394623
51.347904
10.315463
75.890015
61.253265
86.95516
87.310356
85.39359
61.149952
25.952187
53.449707
36.18403
71.06752
81.22612
98.28112
29.275557
51.001736
64.01988
42.197643
49.51001
91.81634
16.986685
5.678459
75.80822
82.40695
35.9219
65.03161
21.153952
98.78638
0.78129256
80.90371
4.6059613
10.904463
70.3594
70.904976
11.49695
5.0211763
8.190331
92.46917
86.391426
70.75626
80.15565
65.8121
23.668215
72.99978
16.253204
61.61584
31.295523
37.163765
77.84507
36.7725
91.75347
87.829155
51.4593
1.4047891
0.0
0.0
2.9098778
0.0
0.0
0.0748992
3.237027
0.0
1.6646296
2.160865
0.0
0.39515197
1.9118398
0.0
2.4891047
0.0
0.84230304
0.3572017
3.7598312
0.0
4.6133814
0.0
1.3054639
0.0
2.9218256
0.2486229
0.0
0.0
2.1369278
0.0
0.13590157
0.9909719
1.9764215
0.0
2.1860151
0.0
0.15992522
1.6085237
0.7352412
3.5687895
0.056436658
0.0
0.0
0.0
0.744915
0.8238882
1.8042266
1.6177416
0.52197874
0.0
0.0
0.0
0.40543675
0.0
0.0
0.9697914
0.0
2.0689726
2.0014138
0.0
1.0390788
0.0
0.0
0.0
0.0
1.9487232
0.0
0.0
1.913014
1.586774
0.0
0.0
0.0
0.0
2.1269321
0.0
1.9114733
0.0
0.2711922
4.206544
0.0
0.0
0.0
0.8023977
0.0
0.033164024
1.3872623
1.5953124
1.7758191
0.0
0.0
0.26539564
0.0
0.0
0.0
0.99482536
1.9320935
0.0
0.0
2.6073666
0.0
0.14443398
0.0
0.32301247
0.0
0.0
0.0
4.5900226
1.7593861
0.0
0.0
2.654007
0.0
0.9607971
0.3982395
0.028458238
0.0
0.0
1.0499984
3.0668616
1.1163741
0.0
2.5799632
1.4101267
0.0
0.0
0.0
1.0453284
0.0
0.42713583
2.16181
0.0
0.4085183
0.0
2.8596997
0.31220913
0.0
0.0
0.0
0.34384727
0.7819444
0.0
0.0
3.19272
0.94680786
1.7596453
0.0
2.7847886
0.0
2.5283039
0.0
0.0
0.0
0.0
1.2217373
0.0
0.0
0.0
0.0
0.0
1.1170566
0.09587407
0.64187944
0.0
0.0
2.4172635
0.0
0.61244667
1.1023879
0.0
0.0
1.4039367
4.217005
0.9174824
0.0
0.5503714
0.0
0.04030764
1.9329458
0.0
0.0
0.0
0.0
0.0
2.1327167
1.9672811
1.5402317
1.1056364
0.0
0.0
0.23315847
0.0
1.8842161
0.0
0.0
2.202639
0.0
1.541552
1.7454147
0.0
4.1930437
0.0
1.534757
2.0157905
1.8392473
2.5270133
3.747067
1.2075603
0.1578182
1.5378088
0.0
0.0
0.19718707
0.0
0.0
3.3221066
0.0
0.9524852
0.0
0.4587114
2.6036263
0.0
3.0874104
0.0
0.0
0.44051707
0.0
2.8983533
3.3772886
0.0
0.0
0.0
2.5016367
0.0
0.0
2.5192409
1.5852422
0.0
1.5623868
0.6377399
0.0
3.283432
0.47916472
0.0
0.9129375
1.788196
0.0
0.0
0.0
0.0
0.26588738
0.0
2.3458302
4.298368
3.6363215
2.3978293
0.0
0.0
1.8457651
0.0
0.5124867
0.0
0.547415
1.1640728
0.7433951
0.030109286
0.0
0.107219815
0.0
2.9167473
0.0
0.0
0.0
1.9399047
1.4787734
1.8248886
0.0
0.0
2.5289803
0.0
0.55603683
0.37685037
1.3437122
0.0
3.235373
1.7287999
2.2036016
0.0
0.7044822
1.877901
0.0
1.3908446
0.0
0.0
0.0
0.17619729
1.5419036
0.0
2.7480216
1.9867063
1.3824254
2.6154697
0.0
0.8821726
0.0
0.0
0.5427033
0.0
0.0
0.0
3.9422245
2.4753094
0.5761266
2.536559
0.0
0.0
0.0
0.0
0.0
0.0
0.6704092
0.0
0.0
0.0
1.8655956
0.0
0.0
0.75507164
0.50556064
0.0
0.56556463
3.0788124
0.0
0.63182116
2.4870276
3.6286325
2.3521752
0.0
0.0
0.0
0.0
2.0050108
0.0
0.0
3.2714725
1.2535632
3.0948162
0.43398738
0.0
0.0
0.0
1.7667949
0.0
0.30000806
2.1500766
0.41300654
3.9657116
0.58086514
0.0
0.0
1.8579304
3.6173553
0.0
0.0
0.0
0.0
0.0
1.9948393
0.0
0.0
0.0
2.752608
0.058710575
1.8057376
0.0
1.732859
0.21552444
0.102838874
1.4336139
0.075402856
0.89894235
5.1015854
0.0
0.0
0.0
0.16803145
1.9597381
0.0
3.5037966
0.0
3.5258532
2.187878
0.0
0.0
0.0
0.0
0.0
0.10880828
