38.02923
79.71097
3.146047
44.643894
30.642874
85.24453
90.768555
3.090254
29.914099
36.464027
59.8581
77.2219
46.488106
2.6134734
63.07911
66.2904
26.95527
6.2075324
94.501175
39.24248
9.203024
64.6614
45.317955
19.973932
79.42438
27.657597
26.096199
85.27228
27.602211
66.70403
64.081184
91.30181
30.72122
66.677124
48.987076
71.335
24.712599
18.237013
17.953829
94.80257
61.169
29.539207
32.915863
88.04804
90.87414
64.701645
91.109085
40.72166
20.71303
92.01311
59.09099
90.73985
32.20355
76.49132
7.201798
8.745672
49.03267
57.013447
43.28425
58.389774
70.6426
8.484849
86.08921
64.39186
98.432304
41.766598
84.853745
85.51772
12.161355
94.785706
59.944256
27.649698
31.594318
74.477425
71.6934
68.45663
98.06604
38.515507
55.42351
84.3972
87.46191
58.7034
67.71828
53.723133
33.609005
97.53455
52.0623
85.95127
23.469234
63.998592
0.33444464
20.719385
0.0
20.554586
0.5436808
15.1549225
29.055428
0.0
17.762592
57.354744
47.397545
0.0
1.990357
0.0
1.5751064
0.64923763
3.1072676
2.0373492
0.0
1.8530071
0.0
1.2586176
0.0
3.2111049
0.039070845
0.0
0.0
0.6048173
1.4748394
0.23925304
0.0
0.0
1.4256477
1.7111123
0.33986866
1.9254565
0.0
0.0
3.615737
3.1444132
0.0
0.0
0.0
0.9634048
3.0846806
0.0
0.0
0.0
0.8385837
4.354465
0.8704424
0.0
2.5848627
1.5749514
2.2295208
2.7857332
0.777328
0.0
0.0
0.09877086
2.6594906
0.0
0.0
0.0
0.003579259
1.9171387
0.0
1.3543308
1.8777788
0.10281205
1.4474839
0.0
0.0
0.0
3.4565477
0.0
0.0
2.1236272
0.0
0.20496845
0.0
4.357457
0.0
0.0
0.0
0.0
0.0
0.0
2.2025137
4.888439
1.7801642
0.54023266
0.0
2.1808834
0.9556979
0.77670217
0.295946
2.3602815
0.0
0.0
1.001817
0.75084865
0.0
0.0
3.000909
0.0
0.0
1.7779648
0.0
0.770545
0.0
0.0
0.014555454
0.0
3.4343748
0.0
0.0
0.0
0.0
0.0
0.3962636
0.0
0.0
0.0
0.0
0.10429621
1.3935894
2.0371766
2.4663477
0.0
3.144279
0.0
0.0
0.0
0.6174922
2.8403044
1.2246251
2.3869367
0.99011064
0.61493516
1.0998905
1.5024096
0.9934515
0.0
0.94944835
0.30814707
0.0
0.0
1.8361956
0.0
0.0
0.0
0.0
1.6756862
0.0
0.0
0.0
0.0
0.37520528
2.2045195
0.0
0.0
0.0
1.7966032
2.722472
0.0
2.98993
0.0
6.801158
1.3396412
0.0
0.0
0.5895376
2.552721
1.4677286
0.0
0.0
1.2997836
1.6882569
1.7157525
2.7156205
0.0
0.0
1.4853299
1.3706893
0.0
0.0
3.977406
0.0
2.6684136
0.0
0.6186694
0.0
0.0
1.1397749
0.0
0.0
0.0
3.817606
0.0
0.0
0.0
0.0
0.0
0.07979572
0.9870231
0.0
0.0
4.510918
0.9602338
3.468287
0.0
0.0
0.7411748
0.9611845
0.9226471
0.9677917
0.0
1.0041028
0.0
1.1675328
0.0
0.0
0.0
0.0
0.0
0.0
0.0
0.0
2.0687997
2.8977423
0.0
1.3501942
0.30034184
2.2608995
1.8658042
0.0
0.360173
0.0
0.0
0.0
0.0
0.0
0.0
2.3263125
0.0
0.37343502
2.2720547
1.9881546
3.9806395
0.0
1.6041487
0.8289337
1.3924181
2.5483131
0.0
0.0
0.0
0.0
0.0
1.8023193
0.7235974
0.0
0.0
0.0
0.48587322
0.0
1.2729794
0.0
0.0
0.5756229
0.31021535
1.0936826
0.0
0.0
2.442834
1.2384057
3.1554818
0.0
3.6975174
0.0
0.6673932
2.398613
0.0
0.0
0.71023405
2.9807897
0.0
0.0
0.0
3.1425953
0.7224083
2.3893147
0.49374998
2.6759415
0.27805567
0.2830416
1.4028579
0.13654828
0.0
4.6355934
1.5075207
1.7362446
0.0
4.2078824
0.25553703
0.0
4.680848
0.0
0.0
0.0
0.0
1.6686231
0.30027032
0.0
0.0
0.0
0.25242567
1.0965824
0.0
2.1813571
0.0
0.0
0.0
0.4980594
0.0
0.6590754
2.6977599
0.0
0.27574897
3.8402438
3.7946553
0.0
0.28509498
0.0
0.0
2.9645026
1.4965355
1.6209394
0.0
0.4169196
0.0
0.0
2.9314935
0.0
2.8865962
0.0
0.35908222
0.0
1.5353948
4.4407935
1.0998428
0.0
2.5651455
2.807465
1.8813401
0.0
1.5883744
0.0
3.6281884
1.6057968
0.0
0.77176094
1.7631024
0.18568933
2.5227785
0.0
0.0
0.0
0.33578873
0.0
3.0191035
5.5883226
0.0
2.2331028
1.5312672
0.0
0.0
0.8610904
2.6480258
0.12176037
0.0
0.93336403
0.0
0.0
0.0
1.1977971
0.0
0.0
0.0
0.0
0.44829845
1.4391959
2.2637248
0.0
0.0
4.4202447
3.5276384
0.0
0.0
1.9595504
3.3895822
1.8730521
2.9197514
0.927037
2.8481603
2.3416698
3.0825794
0.0
5.8365555
0.0
2.1702647
0.0
2.8607726
0.0
0.0
4.9242167
2.5496035
0.0
3.4753413
5.868578
0.0
0.0
0.713706
2.5921822
0.0
0.0
1.3534963
0.0
0.28591454
1.7015934
0.12349188
0.0
0.0
0.87227225
0.07288754
0.0
2.0868778
0.0
0.826326
3.969881
1.5246421
0.0
1.3174206
0.0
2.5687218
0.0
0.0
0.10226071
0.0
0.0
0.75262487
0.0
1.8183142
0.88989437
2.1312892
0.6937504
0.0
0.0
0.0
0.0
0.0
0.0
0.0
0.0
0.0
0.0
0.0
0.0
0.0
0.0
0.0
2.8652997
0.0
0.0
1.0737717
0.0
0.0
0.76406896
0.0
0.0
0.0
0.0
0.0
0.0
0.0
0.0
4.7451468
0.0
1.8262237
0.0
0.48680902
0.0
0.0
0.0
1.0455012
0.0
0.0
0.9083599
0.0
0.9597838
3.0527592
0.04147291
0.36822855
0.0
0.42181313
0.0
0.0
0.59318244
1.4252156
0.0
0.0
0.0
0.0
2.075532
0.0
0.0
0.0
0.0
0.0
0.0
0.0
0.25955737
0.0
0.0
1.5053988
0.0
0.32911003
0.0
2.7135909
1.5491605
0.0
0.0
0.0
0.0
1.2570739
1.4458239
0.0
0.5643219
0.0
2.9884338
0.52566826
1.6189486
1.8965304
0.0
1.0219663
0.0
0.0
1.6223818
1.3697594
0.0
0.0
0.0
2.1241605
2.6804984
1.8103212
0.0
0.45083165
1.403755
0.9192467
3.5339952
0.0
1.2731612
0.3223598
0.09086728
0.41078925
0.0
0.0
0.0
0.0
0.0
0.0
0.0
0.66674054
0.0
4.706377
0.0
0.0
0.0
3.0241013
0.0
0.0
0.09088218
0.0
0.0
0.0
0.0
0.8705795
3.4374058
0.8275986
0.8819699
2.4329872
0.0
0.0
1.4281571
0.4095435
0.024062395
2.5772214
0.2663374
0.88240504
0.0
0.0
0.0
1.361087
1.3450533
0.0
0.0
2.2538633
0.17225444
5.0109954
0.50800145
0.58300793
0.0
2.5199084
0.048589706
0.6372124
2.2232473
0.82784593
0.0
0.0
3.5265179
1.4215052
0.0
2.0907342
0.25452673
0.0
0.0
0.0
2.135417
0.0
0.0
0.0
1.2307256
5.426529
0.0
0.0
3.3256083
0.0
0.29088855
0.0
0.0
0.0
0.0
0.0885427
0.0
0.0
2.0651996
0.0
0.0
0.0
2.949679
0.0
1.0929376
0.0
0.0
1.8760443
4.4749556
2.4948387
0.0
0.0
1.7414868
1.5620172
0.0
0.6640494
0.759989
1.4326721
0.0
0.8257866
0.0
0.0
0.94056726
0.0
1.1390269
0.0
0.0
0.0
0.0
0.09162128
2.3865552
2.5733292
0.0
1.6522557
0.0
3.239888
0.0
2.4389057
0.0
0.0
0.68574846
3.2610357
0.0
0.0
2.184114
0.0
0.0
0.0
0.0
1.4066935
0.0
1.1572331
0.0
0.0
0.0
0.0
0.0
0.0
0.0
2.1208315
3.4636617
0.654006
0.0
1.7178088
1.1121303
2.1481693
0.0
0.0
0.0
0.0
2.1273673
0.69158375
0.39783716
1.698789
2.7364225
0.0
1.6506821
0.85270107
0.0
0.0
0.66969395
3.1362624
0.0
1.6886055
0.0
0.0
0.0
1.1196971
0.0
3.4538507
0.0
0.0
0.9685397
0.0
0.79419315
1.6652465
1.3087779
0.066801906
0.62295496
3.115201
1.7255276
2.7416377
0.28624237
4.695213
0.0
0.50480664
0.0
3.3999264
1.7913938
0.0
2.5997221
0.07258952
0.0
5.2600055
1.2045503
0.0
1.045078
0.0
0.0
0.0
0.0
0.0
0.0
3.8846195
0.0
0.0
0.0
0.0
0.0
0.0
0.56604445
1.9634783
0.0
3.8300872
0.4903674
0.0
5.31539
1.2459308
0.0
3.179741
0.80177486
0.0
3.7496924
0.0
2.4979858
0.0
0.0
0.0
0.0
0.22572577
1.3239205
1.2911379
0.0
0.0
1.9225001
3.4665585
0.0
0.9943634
0.0
0.0
0.0
0.0
0.0
3.5848439
0.0
0.0
2.5218368
0.0
0.0
2.6216447
0.0
0.0
1.4991909
0.0
0.0
0.19994378
2.5465994
0.0
1.1152476
0.9684026
1.013115
1.8048942
0.54903924
1.8752277
0.0
1.7350346
4.686075
0.21950006
3.853488
1.4671654
0.0
0.0
0.0
0.0
0.0
2.3991406
0.15251935
3.5731554
1.1939883
1.7426252
0.0
0.0
0.0
0.0
1.9848228
0.0
0.92119277
1.2798607
0.4043758
0.0
0.0
0.18061996
0.9507716
1.6650707
0.0
0.6550759
0.0
1.5195131
0.0
0.738588
0.0
0.0
0.0
0.0
1.7613232
0.25883615
0.0
0.0
1.1363953
0.7442951
2.9745162
0.0
0.0
0.0
5.550414
0.0
0.0
2.225873
0.0
0.0
0.0
2.500403
2.9456944
0.019586086
0.0
2.8625937
0.0
0.0
0.0
0.0
4.7407956
3.1443655
0.0
0.6144583
0.0
0.0
0.0
0.035771728
0.0
0.0
1.5442938
4.389241
