18.700157
62.34573
95.2826
11.295876
67.85592
97.49038
99.800934
55.308693
51.20085
16.270706
97.74519
44.519787
84.13798
87.84406
59.493027
20.563856
20.918028
0.2884241
41.598328
93.90126
26.384657
56.787155
0.058689065
49.54053
97.44464
54.17689
21.849169
78.541885
22.48973
54.845566
2.4171517
37.67437
50.70035
11.527898
45.361996
52.753986
4.661444
2.2950182
74.002846
19.864399
19.04187
46.41506
67.62769
17.393667
28.436964
76.59038
26.503899
7.3749237
95.651634
20.68084
90.311134
75.8345
39.48368
21.1739
6.031618
32.967934
55.971172
98.95333
20.63454
57.919228
18.411398
88.27482
67.647415
89.28793
89.220215
77.71582
29.044731
31.661356
92.56946
62.93504
54.245792
12.517493
20.298203
85.24972
87.02153
33.445778
23.352455
24.78851
59.70494
8.450037
24.11969
25.199753
48.532192
48.32459
7.217329
77.66123
80.84913
57.165257
74.51493
12.724475
0.33441782
18.258263
0.0
18.096607
0.0
12.693798
1.512304
0.0
15.304613
6.9521723
47.397545
0.0
1.990357
0.0
1.5753508
0.64923763
3.1072676
2.0373492
0.0
1.8532544
0.0
1.2586176
0.0
3.2111049
0.039070845
0.0
0.0
0.60506463
1.4748394
0.23925304
0.0
0.0
1.4258951
1.7113596
0.33986866
2.0338714
0.0
0.0
3.615898
3.1444132
0.0
0.0
0.0
0.9634048
3.0846806
0.0
0.0
0.0
0.8385837
4.354465
0.8704424
0.0
2.5848627
1.5749514
2.2295208
2.7857332
0.777328
0.0
0.0
0.09877086
2.7679086
0.0
0.0
0.0
0.11199713
2.0255566
0.0
1.4627486
1.9861966
0.21122992
1.5559018
0.0
0.0
0.0
3.5649657
0.0
0.0
2.232045
0.0
0.31338632
0.0
4.465875
0.0
0.0
0.0
0.0
0.0
0.0
2.3109317
4.99686
1.8885821
0.6486505
0.0
2.2893012
1.0641158
0.88512003
0.40436387
2.4686992
0.0
0.0
1.1102349
0.8592665
0.0
0.0
3.1093268
0.0
0.0
1.8863827
0.0
0.8789629
0.0
0.0
0.014555454
0.0
3.4343748
0.0
0.0
0.0
0.0
0.0
0.3962636
0.0
0.0
0.0
0.0
0.10429621
1.3935894
2.0371766
2.4663477
0.0
3.144279
0.0
0.0
0.0
0.6174922
2.8403044
1.2246251
2.3869367
0.99011064
0.61493516
1.0998905
1.5024096
0.9934515
0.0
0.94944835
0.30814707
0.0
0.0
1.8361956
0.0
0.0
0.0
0.0
1.6756862
0.0
0.0
0.0
0.0
0.37520528
2.2045195
0.0
0.0
0.0
1.7966032
2.722472
0.0
2.98993
0.0
6.801158
1.3396412
0.0
0.0
0.5895376
2.552721
1.4677286
0.0
0.0
1.2997836
1.6882569
1.7157525
2.7156205
0.0
0.0
1.4853299
1.3706893
0.0
0.0
3.977406
0.0
2.6684136
0.0
0.6186694
0.0
0.0
1.1397749
0.0
0.0
0.0
3.817606
0.0
0.0
0.0
0.0
0.0
0.07979572
0.9870231
0.0
0.0
4.510918
0.9602338
3.468287
0.0
0.0
0.7411748
0.9611845
0.9226471
0.9677917
0.0
1.0041028
0.0
1.1675328
0.0
0.0
0.0
0.0
0.0
0.0
0.0
0.0
2.0687997
2.8977423
0.0
1.3501942
0.30034184
2.2608995
1.8658042
0.0
0.360173
0.0
0.0
0.0
0.0
0.0
0.0
2.3263125
0.0
0.37343502
2.2720547
1.9881546
3.9806395
0.0
1.6041487
0.8289337
1.3924181
2.5483131
0.0
0.0
0.0
0.0
0.0
1.8023193
0.7235974
0.0
0.0
0.0
0.48587322
0.0
1.2729794
0.0
0.0
0.5756229
0.31021535
1.0936826
0.0
0.0
2.442834
1.2384057
3.1554818
0.0
3.6975174
0.0
0.6673932
2.398613
0.0
0.0
0.71023405
2.9807897
0.0
0.0
0.0
3.1425953
0.7224083
2.3893147
0.49374998
2.6759415
0.27805567
0.2830416
1.4028579
0.13654828
0.0
4.6355934
1.5075207
1.7362446
0.0
4.2078824
0.25553703
0.0
4.680848
0.0
0.0
0.0
0.0
1.6686231
0.30027032
0.0
0.0
0.0
0.25242567
1.0965824
0.0
2.1813571
0.0
0.0
0.0
0.4980594
0.0
0.6590754
2.6977599
0.0
0.27574897
3.8402438
3.7946553
0.0
0.28509498
0.0
0.0
2.9645026
1.4965355
1.6209394
0.0
0.4169196
0.0
0.0
2.9314935
0.0
2.8865962
0.0
0.35908222
0.0
1.5353948
4.4407935
1.0998428
0.0
2.5651455
2.807465
1.8813401
0.0
1.5883744
0.0
3.6281884
1.6057968
0.0
0.77176094
1.7631024
0.18568933
2.5227785
0.0
0.0
0.0
0.33578873
0.0
3.0191035
5.5883226
0.0
2.2331028
1.5312672
0.0
0.0
0.8610904
2.6480258
0.12176037
0.0
0.93336403
0.0
0.0
0.0
1.1977971
0.0
0.0
0.0
0.0
0.44829845
1.4391959
2.2637248
0.0
0.0
4.4202447
3.5276384
0.0
0.0
1.9595504
3.3895822
1.8730521
2.9197514
0.927037
2.8481603
2.3416698
3.0825794
0.0
5.8365555
0.0
2.1702647
0.0
2.8607726
0.0
0.0
4.9242167
2.5496035
0.0
3.4753413
5.868578
0.0
0.0
0.713706
2.5921822
0.0
0.0
1.3534963
0.0
0.28591454
1.7015934
0.12349188
0.0
0.0
0.87227225
0.07288754
0.0
2.0868778
0.0
0.826326
3.969881
1.5246421
0.0
1.3174206
0.0
2.5687218
0.0
0.0
0.10226071
0.0
0.0
0.75262487
0.0
1.8183142
0.88989437
2.1312892
0.6937504
0.0
0.0
0.0
0.0
0.0
0.0
0.0
0.0
0.0
0.0
0.0
0.0
0.0
0.0
0.0
2.8652997
0.0
0.0
1.0737717
0.0
0.0
0.76406896
0.0
0.0
0.0
0.0
0.0
0.0
0.0
0.0
4.7451468
0.0
1.8262237
0.0
0.48680902
0.0
0.0
0.0
1.0455012
0.0
0.0
0.9083599
0.0
0.9597838
3.0527592
0.04147291
0.36822855
0.0
0.42181313
0.0
0.0
0.59318244
1.4252156
0.0
0.0
0.0
0.0
2.075532
0.0
0.0
0.0
0.0
0.0
0.0
0.0
0.25955737
0.0
0.0
1.5053988
0.0
0.32911003
0.0
2.7135909
1.5491605
0.0
0.0
0.0
0.0
1.2570739
1.4458239
0.0
0.5643219
0.0
2.9884338
0.52566826
1.6189486
1.8965304
0.0
1.0219663
0.0
0.0
1.6223818
1.3697594
0.0
0.0
0.0
2.1241605
2.6804984
1.8103212
0.0
0.45083165
1.403755
0.9192467
3.5339952
0.0
1.2731612
0.3223598
0.09086728
0.41078925
0.0
0.0
0.0
0.0
0.0
0.0
0.0
0.66674054
0.0
4.706377
0.0
0.0
0.0
3.0241013
0.0
0.0
0.09088218
0.0
0.0
0.0
0.0
0.8705795
3.4374058
0.8275986
0.8819699
2.4329872
0.0
0.0
1.4281571
0.4095435
0.024062395
2.5772214
0.2663374
0.88240504
0.0
0.0
0.0
1.361087
1.3450533
0.0
0.0
2.2538633
0.17225444
5.0109954
0.50800145
0.58300793
0.0
2.5199084
0.048589706
0.6372124
2.2232473
0.82784593
0.0
0.0
3.5265179
1.4215052
0.0
2.0907342
0.25452673
0.0
0.0
0.0
2.135417
0.0
0.0
0.0
1.2307256
5.426529
0.0
0.0
3.3256083
0.0
0.29088855
0.0
0.0
0.0
0.0
0.0885427
0.0
0.0
2.0651996
0.0
0.0
0.0
2.949679
0.0
1.0929376
0.0
0.0
1.8760443
4.4749556
2.4948387
0.0
0.0
1.7414868
1.5620172
0.0
0.6640494
0.759989
1.4326721
0.0
0.8257866
0.0
0.0
0.94056726
0.0
1.1390269
0.0
0.0
0.0
0.0
0.09162128
2.3865552
2.5733292
0.0
1.6522557
0.0
3.239888
0.0
2.4389057
0.0
0.0
0.68574846
3.2610357
0.0
0.0
2.184114
0.0
0.0
0.0
0.0
1.4066935
0.0
1.1572331
0.0
0.0
0.0
0.0
0.0
0.0
0.0
2.1208315
3.4636617
0.654006
0.0
1.7178088
1.1121303
2.1481693
0.0
0.0
0.0
0.0
2.1273673
0.69158375
0.39783716
1.698789
2.7364225
0.0
1.6506821
0.85270107
0.0
0.0
0.66969395
3.1362624
0.0
1.6886055
0.0
0.0
0.0
1.1196971
0.0
3.4538507
0.0
0.0
0.9685397
0.0
0.79419315
1.6652465
1.3087779
0.066801906
0.62295496
3.115201
1.7255276
2.7416377
0.28624237
4.695213
0.0
0.50480664
0.0
3.3999264
1.7913938
0.0
2.5997221
0.07258952
0.0
5.2600055
1.2045503
0.0
1.045078
0.0
0.0
0.0
0.0
0.0
0.0
3.8846195
0.0
0.0
0.0
0.0
0.0
0.0
0.56604445
1.9634783
0.0
3.8300872
0.4903674
0.0
5.31539
1.2459308
0.0
3.179741
0.80177486
0.0
3.7496924
0.0
2.4979858
0.0
0.0
0.0
0.0
0.22572577
1.3239205
1.2911379
0.0
0.0
1.9225001
3.4665585
0.0
0.9943634
0.0
0.0
0.0
0.0
0.0
3.5848439
0.0
0.0
2.5218368
0.0
0.0
2.6216447
0.0
0.0
1.4991909
0.0
0.0
0.19994378
2.5465994
0.0
1.1152476
0.9684026
1.013115
1.8048942
0.54903924
1.8752277
0.0
1.7350346
4.686075
0.21950006
3.853488
1.4671654
0.0
0.0
0.0
0.0
0.0
2.3991406
0.15251935
3.5731554
1.1939883
1.7426252
0.0
0.0
0.0
0.0
1.9848228
0.0
0.92119277
1.2798607
0.4043758
0.0
0.0
0.18061996
0.9507716
1.6650707
0.0
0.6550759
0.0
1.5195131
0.0
0.738588
0.0
0.0
0.0
0.0
1.7613232
0.25883615
0.0
0.0
1.1363953
0.7442951
2.9745162
0.0
0.0
0.0
5.550414
0.0
0.0
2.225873
0.0
0.0
0.0
2.500403
2.9456944
0.019586086
0.0
2.8625937
0.0
0.0
0.0
0.0
4.7407956
3.1443655
0.0
0.6144583
0.0
0.0
0.0
0.035771728
0.0
0.0
1.5442938
4.389241
