9.452984
53.095814
23.041027
28.43637
90.38494
98.78039
97.3804
33.656086
10.012521
83.296684
5.9817505
55.20793
12.884727
42.88538
35.32493
26.430782
2.3379924
44.62853
41.04642
54.83192
56.506866
88.315125
48.380882
49.987434
66.29288
40.170254
54.868744
71.35137
42.261612
16.63625
40.939514
4.4550858
53.59993
55.847908
1.968261
75.04368
21.43858
21.625814
19.805386
33.53812
45.895588
4.0103817
33.396645
72.519875
19.740337
5.635681
24.461699
40.839962
91.74457
48.56158
95.41075
7.610213
64.64032
27.93412
71.65921
22.761415
7.570146
13.534386
32.4547
9.787367
26.111597
43.153854
28.863688
72.639465
16.139465
44.687572
82.77715
77.20521
44.39028
55.634655
71.084145
48.001232
82.3295
12.531238
59.124462
79.848015
57.632156
10.179599
33.597706
7.858618
14.292268
89.10033
4.8606143
3.1215675
65.16326
90.42352
95.25243
4.047091
97.90536
89.09845
37.463947
50.473747
62.059868
10.425297
57.70221
77.07266
26.084328
81.100334
91.40976
82.423164
78.16948
23.320286
29.52214
81.23769
29.319635
98.42477
76.90883
19.159586
88.60868
22.023176
35.4058
77.667534
12.352985
93.24724
89.1849
60.545795
19.272158
72.80801
63.48346
10.65667
7.225582
55.482746
72.41162
36.174606
24.534426
47.456364
6.745205
4.0436883
91.47125
1.1847581
81.71134
67.48592
75.46
33.118984
48.61931
76.658295
72.78041
18.50452
57.740044
89.562996
56.30803
77.97088
81.89587
4.243071
58.185123
91.85793
77.46527
9.00162
94.75338
62.80288
93.1423
84.35156
89.46474
25.428205
1.406458
27.306288
98.045654
57.2066
13.082703
3.7326493
15.759215
90.4158
2.2221093
92.988686
18.27569
96.255226
11.427699
78.539406
28.265789
82.74048
91.70969
52.449947
93.97946
71.7718
26.250175
11.940608
8.141557
44.675003
87.866844
11.914695
4.947691
45.484417
62.327618
24.187553
16.906467
30.20294
55.471466
17.148252
66.09963
33.77709
12.885906
73.462975
64.55739
90.99003
68.95742
90.401115
28.9011
24.531416
23.721191
37.279453
94.001724
92.26156
87.40931
99.6509
40.76941
46.528713
49.41573
39.464787
70.2191
90.75073
23.575146
69.56742
97.40089
40.98458
90.319824
44.121758
87.30925
16.087593
35.286575
67.825226
75.53824
9.8166895
65.89576
80.95254
46.006245
19.516272
66.50502
46.010372
25.369257
20.256004
98.222664
47.257263
10.7989435
18.777903
25.581509
17.90767
43.255577
44.84164
81.68767
9.054613
66.80672
77.068596
6.692537
80.66914
68.36392
56.773605
52.42565
8.641855
26.83277
43.614647
37.467625
94.59202
56.307987
35.306934
23.892698
40.10763
92.0929
91.78165
50.796604
52.04195
98.217476
5.425964
58.821476
79.46187
13.921111
44.12957
71.259796
24.401348
13.821278
95.80014
97.982
94.2954
94.61222
32.714275
30.426273
45.801003
98.159546
62.899353
96.61558
21.486969
60.039967
82.06408
40.867237
74.32105
8.12315
2.3505614
40.093197
2.2772756
64.71186
12.561171
3.1936786
57.750523
40.51099
86.6029
72.55329
87.78387
51.53361
96.11313
66.75211
27.200668
24.91993
37.236374
11.909277
30.324425
97.592064
84.20282
20.603731
59.92961
20.554865
17.495003
41.790142
64.80801
62.662613
73.32486
59.929947
13.140081
47.27703
85.310234
99.327034
65.258415
39.446545
25.708239
63.127533
57.77434
10.035463
17.506971
95.50429
33.22261
88.84768
96.15629
57.5943
74.595795
50.980457
98.0815
81.05515
99.15632
89.85219
31.639212
84.8914
88.43469
98.14792
40.45765
25.64679
25.444366
42.99342
96.98261
55.857864
88.44366
91.34489
69.33418
18.600056
30.33286
80.96199
98.04039
16.500418
71.09922
8.138061
67.79924
59.885815
48.415302
74.34642
55.906635
6.6820993
33.866573
37.169727
80.77065
4.19138
38.20128
28.17265
44.673775
0.41685492
96.55313
65.62152
51.577995
58.459267
21.281404
74.27207
29.627811
97.15436
56.409496
20.516521
95.76949
53.415855
35.341152
93.17654
71.67249
61.88667
40.737667
58.682487
34.5765
55.301594
52.8697
4.4752746
6.290218
21.647594
84.86761
8.202239
95.07149
67.44795
47.388706
25.724506
11.413477
37.96324
88.530014
85.79376
49.67601
87.36345
33.047752
71.4582
41.351326
35.093506
43.51144
22.52111
14.725146
72.575424
25.188877
77.647285
74.77658
12.586914
75.541725
26.35423
27.423534
82.45052
59.772125
98.930786
43.62151
1.6067281
67.05527
85.2272
99.90875
2.8601353
86.98759
66.41892
66.66829
0.019291827
32.076317
46.397217
41.84385
70.564026
51.317726
8.859232
41.572132
66.80983
15.731315
84.83693
11.558057
59.60789
29.002598
32.755154
55.078373
26.996914
20.806866
3.563163
77.11126
92.71413
63.963722
94.63448
37.675842
56.171432
83.93914
44.246613
89.941986
69.82082
33.6964
66.81227
84.22123
45.296177
92.344086
84.23484
13.38678
38.447636
61.833572
65.74537
77.95123
27.182968
9.439341
23.725985
80.488686
89.26938
49.494583
86.38478
61.05589
68.87721
86.13509
58.32182
50.286743
65.63222
64.24729
98.22311
25.205885
13.683474
96.25088
14.007165
0.85493314
73.483795
52.42241
20.998087
87.93249
93.9128
56.79422
95.18263
87.33786
57.368496
39.25876
91.60876
41.22865
68.89145
55.31876
57.852158
35.991524
12.430657
12.220505
43.928406
27.92813
92.12851
74.23621
26.172888
0.96996355
69.307106
59.8641
11.179731
42.228012
1.8862033
80.83332
16.594017
34.38907
57.858753
36.42034
15.436487
43.397087
45.11938
2.1511292
16.17349
75.21922
88.18608
63.357227
55.18308
52.369675
80.38437
51.299007
19.091652
51.57622
87.044426
8.40459
21.145733
19.184694
11.453514
78.21514
32.341618
56.23371
14.075436
8.734899
54.636066
99.09258
33.3167
26.283056
42.711704
61.06862
32.791172
59.62014
79.83375
69.88073
58.660416
8.048365
29.36371
7.938803
53.93407
23.163641
74.93449
81.46913
26.754055
68.84923
10.925471
98.29924
35.046764
12.778181
68.53095
24.297285
90.97013
39.87793
13.318412
19.75928
47.47949
7.554001
67.0375
34.997684
24.75505
66.52515
78.21318
5.215668
98.96205
75.42293
90.02417
51.63104
93.39301
2.932766
59.944035
35.644936
31.546778
50.35855
41.390972
18.36275
92.99656
28.84996
71.7904
59.890285
17.673943
9.319574
45.30513
43.64223
11.008327
68.89072
26.335056
40.297737
39.645634
70.8192
29.34124
11.396258
22.612665
81.2922
20.885035
66.05281
42.857475
90.89566
8.889483
21.265816
87.628
64.56523
44.29554
75.55988
91.39866
80.46137
35.810062
80.04418
68.95803
27.323195
43.994656
46.66871
2.8990173
94.01233
21.339266
15.647729
12.141303
83.52302
26.583426
33.43582
98.91733
22.463816
76.7017
74.06852
61.328175
24.924843
16.137674
35.11603
56.760197
78.91335
81.192085
64.11066
28.860924
57.9266
81.15273
70.85261
10.919905
11.142386
48.14458
90.860916
65.81554
0.4877173
83.58498
0.0525451
92.725235
83.400734
99.43224
81.519066
23.105946
68.81988
31.9194
15.600759
6.293166
87.586174
26.445341
19.192104
4.5999107
55.231915
56.57585
4.0258093
45.454933
75.10331
86.69026
70.628456
39.08708
66.968124
93.67426
56.95299
90.46417
10.599358
55.63548
84.49823
82.09419
96.50493
34.564816
0.035543367
54.36977
96.055855
83.90221
70.27957
75.6536
94.178635
8.285617
56.649845
12.883849
65.50888
85.65035
14.014449
1.091111
5.2214584
28.895802
10.400492
15.0539875
20.488586
14.496642
69.47308
62.869465
69.42795
96.135345
5.775652
9.337733
37.190857
0.6134757
95.225784
86.95657
26.226624
91.466
86.668434
6.773772
50.44979
70.04456
29.228071
75.631905
84.882866
30.352116
0.5577856
16.751041
23.406332
95.80335
25.315725
40.9107
29.486753
78.51534
10.09445
62.652523
3.701947
41.37346
65.91949
60.853893
59.129433
42.37122
30.91399
71.89353
52.804466
30.449677
33.603916
84.24597
54.505413
59.58391
39.5727
54.037346
34.888084
24.429127
95.89273
21.788029
13.14137
89.89765
40.417747
48.647827
75.674545
77.40397
53.961647
78.55342
79.809975
10.353943
35.07821
66.05866
89.75121
44.98987
23.708858
22.520288
78.35372
45.59626
6.5446963
44.391544
32.757435
37.082767
31.627157
17.752886
48.759956
75.193436
47.712852
99.26131
85.44903
16.640808
32.67737
45.091366
58.54131
99.404396
67.61355
78.48317
1.3967901
44.324642
38.058132
96.1212
37.987263
79.93258
54.210243
10.626423
34.57018
57.86419
83.4953
10.910207
11.367095
28.869738
59.920044
51.686398
73.235565
28.8473
92.62665
65.59552
86.26784
82.14762
46.89903
72.92129
49.798748
41.522
80.78456
52.29564
41.687107
17.703588
69.149185
61.051598
99.73491
11.887007
83.03384
86.977264
3.004305
34.243248
75.90528
72.99755
30.081392
92.53802
19.83985
75.22996
79.94795
98.49684
84.3869
6.9472675
32.48466
57.75532
0.9997242
63.40866
66.979935
19.241003
57.672413
8.7833395
40.116085
90.71305
37.921085
41.876072
14.184001
86.79356
88.7626
75.34548
98.023766
22.45897
1.4657598
38.576912
18.46318
17.60265
66.316124
91.96357
16.039423
77.62114
67.14882
9.083391
47.42378
41.484203
90.83802
43.33697
1.2130384
26.345299
23.84536
52.311157
11.232274
38.825584
65.43551
13.993838
62.563595
56.880787
57.27422
32.204357
14.063436
23.34261
24.309261
78.81144
62.08715
97.52237
34.552372
95.65883
1.289651
8.579424
44.547348
66.8941
84.319756
26.569946
29.769932
18.074627
37.602
19.299797
1.7842901
82.454315
6.182698
61.91247
0.44445243
98.8358
16.500744
24.631844
9.097049
48.09799
53.190315
92.64929
60.200497
90.13789
17.041292
46.639477
24.21908
22.168062
75.89175
73.48425
80.75169
30.921387
89.482155
96.69
27.360708
8.993427
64.73229
38.420326
7.4512954
69.37486
14.742193
39.40854
32.19505
68.83892
69.11637
13.907471
85.278305
89.3394
89.78386
31.497854
56.739902
5.9754415
35.706905
59.88185
15.135901
82.83471
13.049069
66.53124
55.020176
81.54995
76.8689
51.14332
46.028187
86.303116
49.680706
62.261696
66.60171
22.559523
11.557807
83.2904
60.286564
75.521484
75.23097
32.185066
50.116283
25.948378
66.8965
7.8454986
4.6770067
25.260117
57.766056
54.688755
11.959263
27.661018
40.695217
92.19007
57.542698
52.098415
3.9964437
20.763481
86.7342
42.04506
26.587912
50.835262
89.01579
75.94529
35.095394
54.25315
97.056335
73.37755
21.638819
35.681488
18.722408
61.417854
48.197567
20.907362
42.062202
70.22672
84.16782
47.978046
21.474539
89.64207
43.810764
17.648869
54.055096
26.876379
53.89751
76.59442
17.37749
53.76115
9.599827
19.234976
82.36164
73.32695
31.395885
55.70564
59.395775
89.98422
64.194824
19.733213
55.357216
81.00098
32.300602
52.05952
31.47882
27.788294
65.81706
89.53392
44.871273
91.221535
78.1005
5.801542
53.82894
56.294132
61.609055
56.427574
92.6017
46.28088
28.592909
45.362633
66.43359
25.058971
66.63521
85.60378
64.066826
19.362152
3.727676
30.156378
3.558548
37.60144
48.522644
32.56519
16.676374
56.83043
75.22659
1.3080885
34.345192
27.880768
57.09206
73.906944
95.746056
60.304592
17.36713
80.01689
80.92365
6.5740585
51.212975
61.03803
20.420033
47.271183
18.900158
15.322665
5.4139605
75.264496
54.2906
12.308227
19.237087
18.136837
39.049835
72.672935
97.20521
93.05618
12.016107
96.73715
31.421225
92.60424
41.090275
85.42626
72.63321
30.89437
69.665115
86.030594
7.345903
49.431183
42.662598
94.05812
7.933933
75.46967
34.071285
61.422085
2.6258874
98.554306
67.34679
94.9564
19.634123
63.87288
35.00079
40.5034
98.755035
8.822898
44.21705
81.53829
37.972248
38.141785
73.564545
97.46535
59.59676
43.491894
31.832924
3.1587996
84.84899
34.197018
42.413116
78.36039
94.1492
16.293293
15.211324
99.45696
24.9111
50.959736
5.027988
18.675545
12.933373
92.32588
87.08985
65.01767
18.338072
45.289257
4.2472825
31.244738
94.22657
78.66073
97.86951
9.909221
80.35299
37.69147
63.005024
64.97731
49.514893
31.613749
19.258072
14.59357
48.41687
67.934395
36.474976
95.275154
48.405785
86.18819
37.26961
48.988632
85.0166
71.4228
57.10835
99.38541
95.44679
81.461945
72.50441
40.971474
55.15687
86.05967
47.852524
1.2368921
87.380714
44.248066
35.009468
89.69819
78.74372
47.407017
12.961826
75.79737
78.58919
45.877964
32.053738
83.10153
90.42269
1.2985096
55.439198
80.64379
87.62231
4.3623486
15.621749
41.45559
38.8623
88.618835
4.532583
40.37171
73.62564
37.758297
55.8596
66.0882
8.790753
46.103256
85.1994
58.35069
67.38503
29.472788
85.84193
76.35109
2.6795
5.1361837
49.88808
66.63446
66.08262
43.84666
53.714527
54.416622
65.90946
2.861024
92.10358
33.254726
25.704437
39.8761
47.02662
6.8285913
25.312477
0.13476628
34.33939
83.98071
39.795425
44.940193
67.99909
63.308884
0.79750675
44.280148
11.033929
5.658057
14.43022
21.60457
52.929848
20.692392
74.36665
49.64585
14.9703045
57.762333
42.11123
79.18854
21.32692
41.848606
63.49657
12.646499
25.278852
63.911903
19.054787
51.179276
35.89335
31.200747
28.334326
86.10196
79.63484
80.415016
24.908094
63.53194
93.156
46.03022
76.232765
98.4874
12.873274
76.22401
47.211086
79.6268
66.659004
69.20583
54.481853
35.652966
97.49211
3.490812
16.188677
59.765038
79.63374
58.071045
43.00297
17.243845
53.254646
96.92254
38.488834
54.165382
24.938276
14.799626
96.343636
79.81914
1.3323413
17.575077
60.916946
73.30906
89.339806
89.14904
17.854614
19.833393
22.09951
84.13313
65.87076
59.118744
61.140366
90.17494
56.46713
38.0493
66.971954
59.518665
98.476326
70.27391
89.74518
9.616639
44.14977
47.21772
7.342636
78.14468
8.73124
23.610476
85.27609
76.74089
88.032936
93.12672
1.752462
37.28825
0.6558025
13.9818945
6.502134
87.74636
24.680544
80.522865
13.8735695
53.14596
68.93314
90.02476
19.899126
90.54266
65.29377
50.03222
10.461598
59.32023
90.75161
12.064151
84.82497
74.28921
17.51873
75.51113
12.387465
65.69136
55.40215
57.39828
25.49934
19.3349
97.01387
33.178406
92.15946
93.99178
55.47489
38.612236
67.7414
68.07486
83.158195
48.142418
72.43269
22.067133
21.347673
32.75848
23.3308
91.75829
72.547066
84.20807
36.378567
97.11981
47.90703
42.157623
95.232544
54.139236
32.708443
59.471107
52.69509
85.83285
76.291
77.31659
60.826923
13.465057
45.646328
30.944689
17.73338
25.692114
45.473625
89.3079
10.434815
59.864155
32.555134
97.81706
21.78931
63.73158
94.94656
93.392166
80.10302
1.7802348
8.644329
50.79769
56.112545
83.68426
59.797447
22.054373
37.471798
46.08912
38.346825
96.05561
6.529832
86.659195
87.92819
61.895527
23.451006
37.505634
79.815125
64.12244
91.65602
80.85827
29.731339
1.793703
41.567986
72.23137
97.35239
2.8582175
68.15424
14.856715
92.31712
43.20441
61.962353
86.19503
89.14198
99.54811
16.073477
61.304527
17.953274
95.13042
66.24085
68.21737
75.799774
45.68742
67.74195
11.103541
67.36019
40.11734
77.436584
43.75521
99.46318
28.365385
9.099056
64.09311
30.707026
45.34088
6.9995656
10.5751
85.81166
84.46485
61.138992
16.63374
52.792263
21.312153
55.361378
33.443756
87.846886
98.52425
62.07099
27.30696
27.10171
62.34355
54.0764
27.112923
11.788311
78.440926
0.23376454
29.118397
63.384922
69.142555
7.672485
81.08048
14.380329
85.37054
73.537636
37.104897
60.928265
49.61027
72.5915
81.28339
6.5626874
18.495312
70.46976
72.649376
6.472223
20.51195
51.404507
29.675714
72.57168
73.62088
93.32121
50.59978
88.59063
61.10721
25.805117
46.02593
99.26083
83.402885
81.11738
65.23959
72.14747
81.38091
28.357742
6.818622
35.987183
92.55804
92.26836
31.079046
33.217533
54.54775
84.28983
80.260345
23.311394
51.54403
66.22828
89.09428
66.42622
54.07216
8.802501
79.16453
8.629092
31.41332
69.85793
29.899416
13.291317
46.20185
69.44427
61.057022
83.90169
50.495472
16.453276
51.83419
75.88799
43.37455
80.01729
45.265903
86.199936
55.94664
82.802765
64.17247
22.39655
65.41821
0.21531935
10.099867
78.09505
54.985367
54.254032
32.95141
54.671646
21.078245
19.141212
86.33767
76.94259
81.25873
39.467915
58.383682
57.39192
29.013527
17.926458
84.8323
96.05274
14.229829
85.13231
81.88652
82.77723
53.63289
13.559966
82.07421
31.010439
57.94146
76.730705
46.68815
48.50759
34.917557
56.02225
31.119463
97.47791
78.7771
52.97872
7.9838724
1.7737713
51.551983
99.97159
58.25899
34.712475
45.060238
22.96243
78.72453
69.06657
7.033157
20.527664
97.60482
83.24083
22.9748
87.22299
52.89693
9.591154
23.024315
25.6601
92.04137
52.070095
63.79097
46.341347
49.376553
63.624752
14.177983
55.51448
20.79831
69.36177
50.891247
79.50804
52.910187
72.00121
18.148647
56.08477
74.093124
96.56056
82.97794
69.542694
76.28431
42.11148
6.252555
75.61811
90.050514
93.321815
67.65222
17.18525
18.286304
43.369297
51.64767
90.18825
0.7649367
33.546566
41.8411
87.14104
40.384075
25.511202
41.2551
31.949339
49.955605
70.97876
54.466957
74.57085
42.26936
40.636566
97.33609
90.758934
96.08532
16.44177
8.174605
12.628822
25.314146
73.08588
23.72744
14.970007
25.751925
97.84201
63.452038
14.275692
86.11265
37.806202
7.2064714
91.21468
54.475945
3.4839044
99.62701
46.12971
63.233406
17.25137
72.28219
6.5916104
47.177402
47.7939
70.15442
62.1644
60.304337
74.150894
35.665752
63.00022
5.1058655
58.944565
22.49276
93.736465
11.019008
10.911891
60.84696
54.539074
31.315023
93.38066
92.59152
2.0819278
93.75459
70.24719
20.957268
55.0331
37.53135
21.854074
10.229048
41.60371
33.910072
4.912486
6.757707
84.22771
88.770096
28.211855
5.694994
84.029686
65.11799
36.042007
47.604805
45.436676
39.90416
90.52848
17.616234
97.63443
13.6775
90.01504
41.427483
3.8263295
87.28508
71.77009
34.181717
92.78997
80.26965
86.01461
68.83044
67.86415
20.632704
62.726326
13.602602
83.7956
0.031370547
1.0182788
64.34893
29.445484
21.959108
78.59162
15.812228
15.5846815
88.84464
69.09361
22.627195
65.6486
63.33484
45.583176
1.8458835
98.29031
51.211452
29.957785
60.829487
6.169483
21.411484
64.688446
26.39286
63.750877
13.165478
23.027327
18.583801
13.703366
28.814478
18.921574
53.510914
84.089134
35.197914
73.78231
27.073727
45.6949
98.15149
19.556183
70.386444
15.17862
27.714935
92.22933
81.931335
46.01041
9.677983
54.445316
48.392166
27.39078
51.74025
85.747826
3.4179332
49.341007
49.044586
52.885986
76.34196
23.161291
80.4023
95.15266
72.04844
66.78816
66.23982
82.73108
76.06634
75.34534
57.854168
73.32221
46.382954
3.910968
6.2449703
56.819847
46.538494
77.33076
90.2974
40.587067
72.84797
4.3173547
39.793484
8.087142
36.023945
72.86218
23.799454
9.0872
64.5437
21.190153
77.5109
7.7276134
40.59322
0.18999738
81.22581
6.925876
67.62735
55.810154
88.82885
3.6914515
48.183674
3.0788934
49.066902
11.993835
80.88024
0.53819174
16.75502
39.32906
55.660107
63.538593
85.90171
24.265856
95.52024
99.357925
79.34531
54.722553
72.20045
44.541645
36.73756
99.64602
72.66141
19.998585
20.478058
21.59418
77.748886
94.32246
82.548416
25.167288
13.43956
68.05207
76.86989
82.48301
83.29855
94.94216
93.213875
93.58365
31.834763
72.07708
47.271397
60.212578
15.775186
91.9203
95.62186
9.339157
88.79652
51.008057
14.381033
72.52636
30.891891
70.91667
23.235025
66.68427
34.782856
17.782934
94.54867
43.15156
9.597206
0.15308736
26.163399
96.23214
85.70897
77.90664
14.866816
1.1572087
32.53154
75.604355
55.08413
49.087883
51.791454
6.244742
82.94954
50.442688
78.07111
17.05926
39.576576
59.7146
61.399628
29.800346
5.9357452
11.272318
41.362644
80.33232
85.48952
53.97255
16.018581
67.8934
4.7973456
94.8912
11.813114
94.034836
4.4821444
4.1329155
72.74169
11.883072
7.1467094
98.341225
77.22906
24.683294
25.2441
7.0727663
7.291122
60.18941
53.763935
4.256759
72.05978
20.700525
75.86115
21.283327
96.09729
14.961187
0.6028549
7.8850646
33.919952
17.299006
95.55967
45.357327
35.927265
63.88195
48.022987
0.22150022
33.126305
83.160515
87.61472
86.80866
64.27018
6.310207
70.01456
80.54463
10.238168
49.777264
87.05797
23.711481
55.68702
43.716564
52.320168
44.91152
64.71785
4.751024
78.85556
3.818071
24.892473
27.421854
85.7794
89.58459
93.58272
40.55993
23.122593
88.84715
3.9366522
68.63208
42.223927
59.804592
52.964714
66.386475
56.706837
76.481445
51.654793
60.959007
50.95646
93.28992
83.640236
15.6644335
22.20931
15.72085
17.116823
9.755164
39.496975
59.812336
28.014565
6.2861156
43.303326
82.34396
47.46206
29.140898
72.88398
81.62531
30.769384
93.640755
11.332848
67.51509
98.64553
24.864315
50.110947
75.005394
80.26336
21.645847
93.39367
82.98126
35.448265
50.48023
37.94606
40.289288
51.992783
74.80731
69.735596
19.034893
84.657684
53.848682
50.41559
89.71017
28.39382
73.84226
37.836933
1.2214037
16.004444
90.90658
58.815487
95.469315
0.3229023
13.874266
72.58153
0.037200905
11.880505
22.34197
32.86581
47.116177
28.739866
28.005001
44.633488
91.339874
32.49387
11.182509
17.956568
61.754276
12.696692
57.428875
26.84771
33.344112
91.41906
15.21122
33.097687
16.864305
18.87432
28.17719
40.70223
34.51642
62.205357
9.072613
39.031754
80.12869
51.33201
79.29971
37.049698
93.67808
49.152775
61.978985
4.066903
79.700935
69.2032
44.943222
50.07718
52.75863
26.104692
55.623566
25.03311
83.53164
54.14681
36.514156
29.16985
71.6361
44.010193
13.481121
6.260904
65.70155
33.239006
19.282007
73.3759
31.605757
28.651106
94.426216
71.30632
47.045837
53.892887
73.73189
6.7031884
63.825607
99.097885
15.938926
44.426163
11.437748
3.3007731
65.764755
39.912167
9.719495
22.842245
16.55534
45.222095
73.63755
8.842052
93.11014
66.16217
6.737165
81.42519
61.14051
96.03271
56.099182
50.968327
46.83219
26.04467
42.580315
71.75639
87.60383
9.159191
17.393572
82.23411
88.662735
17.998316
81.002
95.01856
48.00898
2.0288558
17.231073
6.9733534
47.053745
47.399044
76.76876
67.30275
62.02526
72.50552
85.02719
6.79266
43.6137
57.535698
9.467432
85.51706
84.21236
76.21191
44.92101
53.02398
5.9585905
53.396896
19.769955
28.322895
33.085033
26.306452
85.5743
85.420845
85.699585
65.14853
26.031494
77.55108
64.588295
30.26038
63.872364
1.0106801
74.1071
13.758823
42.6222
30.69465
47.589386
75.091835
90.78066
49.032806
51.480465
48.049923
79.10329
57.60525
91.27553
80.95545
85.50412
65.93949
41.448704
13.7473
55.630745
29.759048
60.171112
57.906963
76.25131
26.892506
13.160217
69.01455
34.51077
73.10773
66.54372
85.58386
23.761229
81.66102
95.3019
47.045258
2.923756
71.81199
32.93429
3.4709926
11.48578
4.0889177
78.687546
78.88846
90.371925
16.161396
78.254875
24.443165
19.069221
55.571526
72.3249
55.777424
49.40756
49.043594
15.516426
25.978996
83.81406
57.056988
54.438786
72.231895
50.288544
29.583706
75.6593
21.751816
2.0146914
9.662869
81.32506
64.081245
95.672226
88.86527
99.25551
43.677227
11.484062
36.576946
11.469179
83.09828
22.480303
87.18472
43.18216
30.594194
85.32767
90.54172
8.40229
32.968163
83.82233
6.6227207
83.62979
66.648735
51.33814
48.644276
0.67760044
91.55165
58.636963
79.33978
86.03228
76.24568
21.718513
19.79602
86.76447
68.95153
95.33666
64.556595
64.57577
49.547237
45.388878
65.676544
93.1208
13.939048
20.635494
13.267486
58.86786
69.07371
50.371326
99.752884
0.2593492
97.80624
15.211574
87.40419
82.918396
0.76052165
92.33908
43.753006
74.034294
73.25674
40.83776
3.8507388
67.33345
96.81017
20.348824
28.406315
1.6471828
59.508778
43.348167
99.94389
71.43198
95.82842
2.5195618
36.724197
25.936758
71.9731
55.271675
62.718502
75.87013
27.567083
77.30047
77.180046
61.483814
92.89234
73.86558
40.62858
80.97091
99.69506
30.957315
1.6353014
42.28626
60.93081
93.589134
30.289625
88.730545
84.01148
64.35136
94.13382
81.46951
41.649105
50.270428
58.09268
50.29843
27.740543
50.143124
50.214775
28.265999
47.15023
3.3162773
30.828804
73.107376
29.38521
38.853886
66.048584
24.664999
79.97769
62.087193
76.95546
65.53786
16.405777
14.648537
38.663948
31.621204
88.26482
82.679085
97.73439
49.93531
43.77363
18.541588
66.194305
95.58134
77.696266
33.64826
14.367045
36.57563
52.532608
75.525406
81.41781
39.12412
62.116974
24.435278
87.76218
0.4412882
42.590668
23.066319
76.313065
30.36766
58.042244
76.01974
99.20632
23.612013
81.12924
45.67457
43.098316
47.001682
17.231209
37.478672
74.04434
17.167372
89.18241
39.83776
94.54286
52.122738
71.29571
25.946486
78.430824
65.425575
35.92266
34.50695
60.505196
80.38467
69.74159
12.898494
39.60224
27.715649
50.904964
73.68929
5.744412
18.468971
85.42495
95.34226
24.467045
39.933174
83.46335
42.42692
19.213043
77.81417
34.56331
34.589188
1.3824873
58.803085
3.9287877
16.862045
46.74331
89.21922
59.757042
90.810616
13.001299
90.615395
5.6767263
98.7134
85.56419
18.026873
98.80065
59.33065
3.218863
56.596817
59.821823
73.64225
47.90775
49.370655
61.6941
91.91016
98.883125
81.17457
91.83243
38.447422
98.430305
28.999601
90.70338
16.758415
2.6093888
51.068832
21.726217
84.09844
49.40468
80.88149
28.1566
39.262203
37.77727
21.698322
52.333176
86.366776
3.4586856
83.0683
62.08069
34.623234
60.92812
34.62547
85.72573
11.329246
44.90099
58.36064
49.056202
0.26067495
0.74323714
0.0
2.361101
2.7599006
0.34382343
0.0
0.0
1.8507779
0.0
0.0
0.0
1.352942
1.7589182
0.0
0.0
0.0
0.0
0.053593516
2.6535153
2.4210362
0.0
1.3690591
0.0
0.0
0.0
0.0
0.0
0.0
2.1344094
0.0
3.5947828
0.0
0.0
0.0
7.236475
0.40646195
0.0
2.586463
0.0
1.9066036
1.5450686
2.2787423
0.0
1.9481122
3.9845228
0.0
1.576969
5.060297
3.8603902
1.874274
0.0
4.3802023
0.0
1.2312114
0.0
0.3946066
0.048094988
2.789256
3.2206357
0.6416917
0.20582378
0.0
0.0
5.5128484
3.1220913
0.0
0.0
1.0847747
4.3103576
0.0
3.8229585
0.0
0.8855194
1.0278374
0.0
0.0
0.0
0.0
2.328235
0.0
0.0
0.0
0.0
0.47539175
0.0
0.0
1.2347221
5.3014517
0.46869814
3.1165748
1.0553598
1.0113835
0.0
1.4246523
0.0
0.15345514
1.4723182
1.6400158
0.0
2.4428396
3.2396972
1.3217926
1.6824245
0.0
0.0
0.0
0.0
2.9944777
0.0
1.9885212
1.6193002
3.241074
0.66326857
1.5367448
3.9979725
0.5998522
0.0
0.0
1.1268377
0.40884018
1.510948
2.4529128
0.0
0.0
1.0118544
0.0
0.0
0.0
0.0
1.0686666
0.0
3.2568932
0.9572983
0.0
0.0
0.0
2.6679754
0.21418333
1.916188
1.2628168
1.5262306
0.0
0.48717558
0.24221241
0.4583031
0.0
1.9931078
3.7588267
2.9288292
0.0
1.9585222
0.0
0.0
0.0
0.0
0.0
0.0
1.8057555
0.0
1.0815561
0.0
0.0
0.0
2.8118312
3.4879625
0.44216216
3.6842406
8.091211
0.0
1.3294339
0.0
3.5235286
0.8414328
0.0
5.570406
0.5348176
0.0
0.0
0.0
0.0
0.0
1.8904895
0.0
0.0
0.0
0.0
4.492846
1.3996482
0.0
5.025637
1.2075812
0.5036652
1.7893821
0.0
0.0
0.0
3.2423377
1.188165
1.5501529
1.4276832
0.29993057
0.0
2.5420487
0.0
0.0
4.6386867
2.1373987
0.951314
1.3075292
3.5363555
0.34187436
3.5583167
0.3157735
0.5882621
0.0
3.4043312
3.3798993
0.0
0.5954087
1.4062464
0.0
0.0
0.0
3.2397776
0.0
1.1044562
0.0
2.0300746
0.0
1.4621496
0.014108419
0.34448206
0.0
2.4737656
0.44172108
0.9988457
1.9369781
0.0
0.0
1.0376006
4.0661516
1.5509665
0.43704212
0.0
0.0
0.0
0.0
0.26747882
0.68365335
1.6041219
0.7719785
2.100569
1.4857203
1.8421739
0.17322004
0.0
0.0
1.4534742
2.149713
0.0
0.0
0.7444829
0.0
0.0
0.0
0.0
0.0
3.6088853
0.0
0.0
2.9016166
0.0
0.0
1.4898926
0.0
0.6334096
1.5197247
0.94839036
0.012263656
2.2318153
0.0
0.31941235
1.5753508
0.0
0.0
0.0
0.22438765
0.0
0.0
0.0
0.0
0.0
0.0
0.0
0.34903884
7.9673586
0.24317801
0.0
0.48426986
0.0
0.0
0.0
0.0
1.5235662
0.52817166
0.0
1.9491315
3.4102292
0.0
1.182574
0.0
1.3482809
2.1772175
0.740847
0.06465912
1.9549966
3.5660295
0.0
0.0
0.0
0.0
0.45451522
1.01071
3.1538515
1.8777758
1.2942284
0.0
0.0
0.0
0.0
0.0
0.0
1.2610972
0.98967254
0.0
2.44236
0.0
2.6401222
0.0
0.121206045
0.0
1.5243232
1.3215065
2.670896
0.0
0.0
0.5476892
0.3932923
1.4856786
2.54564
6.12365
0.27633905
0.0
0.0
0.0
0.0
0.0
0.0
0.0
0.0
0.26668906
0.0
0.41901767
0.0
0.0
1.4744341
0.0
3.6138535
0.0
0.0
3.175488
0.0
0.0
0.0
0.0
0.0
0.0
2.20384
0.0
0.31665266
0.0
1.021406
3.7543952
0.0
0.34953952
0.0
0.4469961
0.83093643
3.124833
0.0
2.4769993
0.32170713
0.25960803
0.0
2.0807652
0.0
2.5232167
0.0
0.0
4.804969
1.8321127
0.0
0.0
0.5370885
2.7234168
0.0
1.912865
0.04886985
0.0
0.0
0.0
2.3648202
1.273194
3.184235
2.2376359
1.2137592
1.6564786
4.937702
6.1336875
2.0089893
0.0
0.0
0.26168227
0.0
4.809749
0.0
0.0
0.0
1.1633098
0.0
0.0
0.11432171
0.8317888
1.5065014
0.0
0.35500824
0.27390718
0.0
0.0
0.0
2.8428764
1.1827886
2.154121
3.0308783
0.0
5.4637966
0.0
0.6340921
2.4549723
0.0
0.0
0.0
0.8789629
0.5989313
0.0
0.0
0.0
0.0
0.0
0.0
1.7629474
0.0
0.51603913
0.62024295
0.23246706
1.1090636
0.0
0.0
0.0
3.1183867
0.0
0.0
3.1921983
0.0
1.7698169
0.0
0.0
0.0
0.0
0.0
0.0
0.0
0.0
1.710701
0.0
0.0
0.0
3.1711996
0.0
0.0
2.440372
0.0
0.0
0.0
0.63011944
2.8052151
1.3186008
1.0267138
0.0
0.0
1.892814
0.0
0.9595245
0.7241547
0.0
0.0
0.755468
0.0
0.0
0.0
0.0
0.0
3.1482816
0.0
2.1170468
0.0
2.3908854
0.0
0.0
0.0
1.3454437
0.80801845
1.8966317
0.7276565
0.07889569
0.47726333
0.0
0.0
0.0
2.8999865
0.0
0.8408904
0.0
5.641204
0.0
0.0
0.0
0.0
6.175497
0.0
1.7315537
0.0
0.0
0.0
0.0
0.0
0.0
0.0
0.0
0.0
3.9679706
0.5097836
1.477924
0.0
0.0
1.5330881
1.1399716
0.0
0.0
0.0
2.0946412
0.0
2.8585224
1.8351853
2.5272756
2.9966621
1.4648527
1.8682212
2.5014014
0.77553093
3.3564568
2.449602
0.8319378
0.0
0.0
0.0
1.0429025
0.0
0.0
2.43752
1.2126982
0.0
0.0
0.0
0.8876562
2.00949
0.0
0.19854307
3.076902
0.40204227
0.0
0.0
0.0
1.5057087
0.0
0.0
0.3418088
0.0
0.0
0.6962329
0.0
0.0
0.11532605
0.0
1.2911707
3.8607419
0.0
0.0
0.0
0.0
0.0
0.12945533
0.0
1.7206341
0.0
1.1390716
2.4084835
0.0
0.17046332
0.0
0.0
0.0
0.0
3.1810431
0.0
1.1959672
0.91852844
0.0
4.529834
0.0
0.114533305
0.34777522
1.8166274
1.9198805
0.0
0.67560375
0.0
2.1242201
0.0
0.6559789
0.0
0.0
0.0
0.66386163
0.0
2.1211057
0.5397022
1.5585154
0.0
1.9649684
0.0
2.9051185
0.0
0.0
0.0
0.6300211
7.3083696
0.0
0.019401312
0.0
0.0
0.0
0.0
2.5605857
0.0
3.1485379
0.0
0.74982345
0.35340786
1.5003473
3.1811504
0.22872388
1.7634034
1.1765331
2.661097
0.0
0.0
0.119918585
0.0
1.8711865
0.8727521
0.10189712
1.2173057
0.04271567
0.0
0.0
2.544901
1.582253
0.0
0.0
0.4261285
0.0
2.161646
0.0
0.53099096
3.030759
0.0
0.0
0.0
0.0
0.117856264
0.0
0.0
0.0
1.8055975
1.8620312
2.910015
0.0
2.0919352
4.488558
0.0
0.5578339
2.021712
0.0
1.7955452
0.0
0.0
0.0
0.0
0.0
1.385203
0.0
2.9922814
1.7978042
1.9202769
1.4884889
0.36745965
0.0
0.98118484
1.3623565
3.7643552
1.4449477
2.2099466
0.0
0.2476871
0.0
0.0
0.0
0.0
0.40872097
0.0
1.0992885
0.19879043
2.0356445
0.19538105
0.054588914
0.0
0.4998833
0.0
0.0
0.0
1.8305093
2.5223346
0.0
0.0
3.6438823
1.5105039
3.5799325
0.36316216
0.9794265
4.404822
0.024214387
2.433616
0.0
0.5262345
0.0
0.0
0.4831493
0.0
3.109345
0.0
0.5377978
1.6014576
1.7572135
0.0
1.5459329
0.8157462
0.0
0.0
1.8209338
0.0
0.0
0.0
0.0
1.9834131
0.0
0.0
0.07174909
0.0
0.35530925
0.0
0.29189587
0.0
0.21680892
0.0
1.014772
0.27458668
1.0128051
0.060781837
0.0
0.08559227
0.0
0.0
1.0847926
0.0
0.24580657
0.6590724
3.5599709
2.7159035
2.6492267
0.0
2.262786
2.2956848
0.0
2.1703095
0.0
0.0
0.8554995
1.3520002
2.4597497
2.5512695
0.0
1.4364153
0.0
0.0
0.0
0.0
5.3347826
1.273793
2.501154
2.602622
3.801468
1.2622088
1.526621
0.0
3.4542203
2.1396012
0.0
0.0
0.0
1.6947895
1.5714139
1.3303012
1.961419
0.0
0.8230597
0.0
0.6384313
0.0
0.0
1.2106359
0.0
3.6114216
0.0
0.0
0.0
0.02951026
4.6964884
0.0
2.5606604
0.0
0.0
0.0
0.0
0.0
0.0
0.0
1.6218007
5.4493814
0.0
1.2396753
0.0
1.4973581
1.9007802
0.0
2.6117177
0.0
0.0
0.0
0.23785233
0.0
0.0
0.0
0.006276369
0.0
0.48874915
0.0
0.0
2.6204824
3.0379086
1.3899744
0.0
0.0
0.56702197
0.0
1.0864347
0.0
0.0
1.6097993
0.8777112
0.0
0.8212328
0.0
0.0
2.9750495
0.0
0.0
0.77694654
0.19826591
0.0
2.601841
0.0
0.0
1.6021073
1.3403207
0.0
0.076928735
2.2859006
0.0
0.0
0.0
0.583899
0.0
1.0331631
2.1487892
1.9287437
0.09858906
0.86358786
0.0
0.0
0.0
2.2356331
0.28845072
4.4787555
0.0
0.0
0.0
0.75703263
0.0
0.0
1.5393227
0.5554855
0.0
0.0
0.0
0.0
0.0
0.0
0.0
0.7316321
4.076743
0.0
1.3427526
0.50455034
1.5522093
0.0
3.484395
3.7307441
0.0
0.0
0.49228072
0.0
0.2970934
1.5451431
1.475963
1.4216363
0.0
0.0
0.0
0.0
0.0
0.0
2.5885344
0.0
0.0
0.0
0.0
0.0
3.111765
2.1845965
0.0
0.104132295
0.06707609
3.3953905
0.3586918
5.3112297
0.0
1.2675077
1.0423273
0.3863871
1.1828691
0.88808835
0.0
0.0
0.0
2.1683097
3.4022033
1.2002975
0.0
0.0
0.16850531
0.0
0.0
0.0
0.9601176
1.8645167
0.0
0.15526712
2.2210062
0.0
0.0
1.1644781
0.0
0.0
0.0
0.0
1.3654768
1.5954673
0.4439324
0.82412064
0.0
0.81830025
1.7287225
0.0
0.0
0.0
0.0
0.0
3.5256295
0.0
0.0
3.8785875
0.7201344
0.0
0.4990995
0.10378063
2.5472374
0.0
1.3791829
0.81648827
0.0
0.0
0.0
1.0716707
3.3560514
0.04811585
0.7239044
3.8555355
0.0
0.9486586
0.53345263
0.5235225
3.198257
0.0
1.0257632
0.0
1.2571871
0.0
0.8914232
0.0
0.55601597
0.10780096
0.0
5.0310464
0.0
0.082594156
0.6735414
0.0
3.6010027
0.9131521
0.9717375
0.0
3.4555106
0.0
0.16320348
0.0
0.007107854
0.0
0.0
2.682525
0.0
1.5635997
0.004914403
0.0
2.8213859
2.3404658
0.0
0.0
0.3531754
0.0
0.63211024
0.9116888
0.0
0.0
0.0
0.0
5.2078724
2.402964
0.0
5.802801
0.0
1.3719469
0.0
0.0
1.9305587
1.2631208
0.0
2.430123
0.0
0.0
0.0
0.0
2.5960684
2.3680568
2.5525303
0.0
1.5689075
0.7561505
0.0
0.0
1.2375802
0.0
0.0
0.0
1.0167241
0.0
0.0
0.0
0.0
2.9443412
1.1501163
2.2282095
0.0
0.0
2.8877974
0.0
0.0
0.931561
0.0
0.0
0.0
0.79414845
1.6196609
2.9038997
4.9080253
4.5469074
2.7070045
0.0
0.0
0.31489432
0.0
2.0467818
0.0
0.0
0.0
1.5931636
0.0
0.0
0.25821626
0.0
0.0
0.0
0.0
1.3020873
0.0
0.32308102
0.0
0.04044473
0.0
1.143381
0.0
3.7369013
0.3223598
0.0
2.2487223
0.054457784
1.7439306
0.0
0.0
1.2484819
0.75800717
0.58727264
0.0
0.70123374
1.8021137
0.0
0.40060878
1.1169016
1.0397643
0.5687654
2.6754947
0.0
1.9325018
0.0
0.0
0.14062822
0.0
5.6657286
0.0
0.0
0.0
0.0
0.0
0.0
0.0
0.0
0.0
0.0
0.0
2.2208662
0.0
0.0
2.91152
0.0
0.0
1.5667886
0.0
0.75888336
0.0
0.0
0.4461676
1.1390716
0.0
0.0
0.13401508
0.38500726
0.0
0.0
0.4822582
5.581254
0.0
0.0959903
0.0
2.9951751
1.5521646
1.8698603
1.3494492
4.7626166
0.0
0.8296937
1.2263119
0.0
2.085358
0.0
0.65040886
4.6579003
0.0
2.6436477
0.0
0.0
0.17340183
0.0
0.0
1.5319884
0.0
0.14895499
0.0
0.0
0.0
0.0
0.0
0.0
3.038445
1.8656284
0.0
0.0
4.7584205
0.5925447
2.0885139
0.0
1.6188651
0.0
0.0
0.009554625
1.1247903
3.6211877
0.36047995
2.2013128
0.62001944
0.6519556
0.0
1.1273533
0.0
0.19197762
7.365799
0.0
0.6902158
1.7885685
0.0
0.0
1.9739598
2.1102877
1.371476
0.0
3.6651225
0.0
0.0
1.2295902
3.2399507
0.0
0.0
2.5913417
0.0
0.0
0.0
1.5470892
1.5256613
0.22838116
1.3901472
0.0
0.0
0.0
0.0
0.0
0.42195022
2.1938295
3.0585556
0.0
3.6392002
3.791854
0.0
0.0
0.0
0.0
0.0
2.1324396
0.0
0.0
0.0
0.2624929
0.972718
4.1091323
3.2917976
0.0
2.2717774
2.8870673
0.29806793
1.9063354
3.4567118
0.0
0.0
0.4443735
2.7082534
1.3403922
0.0
0.0
0.0
0.4923314
0.0
4.720965
3.657308
1.0149091
0.43600798
0.0
0.0
0.0
0.0
0.0
3.7842484
0.0
0.0
0.0
0.0
0.0
0.108769536
0.0
2.394849
0.0
1.0451704
4.0557294
2.5625796
0.3514707
0.0
0.0
0.0
0.11425614
0.0
2.6095958
1.8972814
0.0
0.0
2.721682
0.0
0.0
0.0
1.2127489
2.353856
2.3483872
0.0
0.7640898
0.0
1.1016637
0.0
2.5765686
1.5519649
0.0
0.7685721
1.1302918
0.0
1.3859719
0.85832477
1.3056308
1.5271187
0.9157568
0.0
1.4242202
0.48454702
1.8770814
0.0
0.45395494
0.0
0.816679
3.6749244
0.0
0.0
0.0
7.1499557
0.042438507
0.0
0.0
0.0
0.0
3.2176943
0.7476628
2.9019117
0.0
0.0
0.0
0.0
0.0
0.0
0.0
2.5627227
0.0
1.1771768
0.0
1.0107875
1.0548651
0.0
0.0
0.020867586
2.6469321
7.2893233
0.0
1.270622
0.0
0.0
0.0
0.0
1.1023581
0.0
0.0
1.2706846
6.7765713
0.0
0.0
0.0
0.0
3.2299101
0.0
0.0
3.5936327
2.6606739
0.0
1.454097
0.36819875
0.0
0.0
0.0
0.0
0.0
0.5099982
1.2988746
0.0
0.0
0.0
0.0
2.3111463
1.0561883
2.1477044
4.3268147
0.0
0.0
0.0
0.0
1.1291206
1.8195748
0.1927197
3.238368
0.0
0.0
5.383876
0.0
3.8170516
0.0
0.0
0.4792124
3.2013297
0.0
0.0
1.6832232
0.0
0.0
0.92169344
0.0
0.24694502
0.0
1.7853498
1.187557
4.390335
1.9183695
1.3564318
1.1047363
0.6125361
0.0
0.0
0.8490026
0.0
1.4211714
1.0317892
0.0
0.0
1.1062771
1.2188137
1.3932079
0.0
0.0
0.0
0.0
0.0
0.0
0.0
0.0
3.6281645
1.4719695
0.0
2.6257932
0.0
0.7501811
0.0
1.226309
2.7765572
0.0
0.52444935
0.69797635
2.1840663
0.75570345
0.0
0.0
0.0
0.0
0.0
0.0
3.4012527
1.9910693
0.33957958
0.0
2.999422
0.0
2.1802454
2.810934
0.0
0.0
2.7367055
0.0
0.0
0.37868917
0.0
0.18613636
0.0
0.0
2.1360307
0.0
0.0
0.0
0.0
0.0
3.1701028
0.0
2.3868203
0.35936832
0.0
0.0
4.596725
0.0
0.0
0.0
0.0
0.0
0.0
0.07337332
0.0
0.0
1.4554352
1.4993042
6.061366
0.0
0.4217267
0.0
0.0
4.149729
1.5356958
0.0
0.0
5.86372
1.7513484
4.7234507
0.0
0.4689902
2.4666548
0.0
1.7005295
0.0
1.2924612
0.0
4.6937346
2.8635888
0.0
2.6688695
0.0
0.0
4.660344
0.0
0.0
0.0
0.0
0.0
0.9961128
0.0
3.7023067
0.0
6.9096985
0.0
2.610743
0.0
0.0
2.027887
0.0
0.0
0.11904538
0.0
1.2368888
0.0
0.93082786
0.0
0.0
0.0
0.0
0.0
0.0
0.0
0.0
0.0
0.0
0.0
0.09467602
4.0488243
2.2544532
0.0
0.8986831
0.0
0.0
2.678433
3.6057591
0.8610368
0.0
0.0
1.0907471
0.0
0.8358598
0.8600682
0.0
0.0
0.0
1.681912
0.0
0.4749745
0.0024437904
1.1848658
0.0
0.73723793
0.18434227
0.7020861
0.0
0.0
3.1536431
1.8213779
3.729227
1.7779619
0.0
0.0
3.219837
0.0
0.0
2.2084088
6.0205727
0.0
1.2460083
0.0
2.616444
0.0
0.0
4.716465
0.0
0.25586486
0.0
0.0
1.7220259
1.6411036
0.0
0.0
4.291683
2.5998383
0.0
0.0
0.0
0.9845346
0.0
0.0
1.4504015
0.22780299
0.823313
0.0
3.1525314
0.0
0.0
0.0
0.0
1.3181239
0.0
0.0
1.7670035
1.8635571
0.7674217
1.8874794
2.605441
0.0
0.30198097
0.0
1.2590557
0.0
0.0
1.7048091
0.0
0.0
0.0
0.4957199
3.718108
0.0
0.0
1.0609746
3.3129902
0.0
0.0
2.6262045
0.0
0.0
0.0
0.0
0.0
1.0917038
2.5003462
1.1173427
0.0
0.0
3.5701513
0.0
0.3934592
0.0
2.7759671
0.0
0.0
0.0
0.04810393
1.4004409
4.011589
0.0
0.0
0.8336544
0.8509606
0.64522326
0.0
1.7469794
0.0
0.0
0.56082606
4.0308
2.2712498
0.0
3.1918705
2.0292907
2.224201
0.0
0.0
0.85180104
2.0840855
0.0
0.0
0.5857885
2.3963153
3.496462
0.0
0.0
0.0
0.0
0.0
1.4659077
0.45973063
0.0
0.0
0.0
0.0
2.415523
0.0
3.395778
0.8422524
0.0
0.0
2.9798925
0.0
0.96185505
0.11700988
0.0
0.0
1.9063592
4.4928284
0.66698194
2.3242474
0.49989223
1.0363847
0.0
0.0
6.5214605
0.0
0.0
2.6499481
0.0
0.0
0.90901256
4.785326
0.0
1.239726
2.0661383
0.0
0.0
0.0
0.49312115
3.5281658
1.3430357
0.0
0.0
1.5691817
0.0
0.0
0.0
0.0
0.0
1.2768149
2.1201313
0.0
0.0
3.7968664
0.8749902
0.73281527
0.0
0.0
0.0
0.0
5.406803
2.1051855
0.0
0.0
0.0
0.0
2.5194616
0.1511693
0.0
3.6009283
0.3407091
0.0
0.0
0.0
1.014629
1.0698408
0.0
0.0
0.0
0.163576
0.0
0.0
1.1372417
0.038796663
0.0
0.0
2.1946788
4.606402
1.0046482
2.2648125
0.3922403
1.881808
0.0
3.9164395
3.9829879
1.4723986
0.0
0.46770275
0.0
0.0
0.0
4.552922
1.3147742
0.8490622
1.8822223
0.0
0.0
0.0
0.0
0.0
0.0
4.700923
0.8613616
2.6333928
0.0
0.0
0.59013367
0.0
2.4157672
0.0
0.0
0.7713318
0.0
0.80809
0.0
0.0
0.24599135
0.63153803
1.7690778
0.0
0.0
0.41113496
0.0
1.9579262
0.0
0.0
0.0
3.8279862
1.8395692
0.0106573105
0.6334126
0.0
0.77976584
1.4648795
0.0
1.5759736
0.0
0.0
0.0
3.177783
1.8214017
0.0
0.86385906
0.0
4.895735
0.0
4.2415085
0.0
3.478521
0.0
2.593869
1.1573166
0.0
0.0
0.0
1.4490366
2.2606163
0.0
2.2263618
0.0
2.7676225
0.0
0.0
0.40710866
0.86193085
0.0
2.2960305
0.0
1.1851817
0.7669598
1.6415507
0.0
0.0
0.0
0.0
0.0
1.336059
0.0
0.0
0.0
0.0
1.1485904
0.23201406
0.0
2.861598
0.0
1.9937724
0.0
2.4723053
1.1502504
0.0
0.0
1.1429131
0.0
0.7319629
0.38575828
0.4749596
0.0
1.7395288
2.1814375
0.0
2.069828
1.1180043
0.0
0.0
0.0
0.0
1.1356771
1.5305012
0.0
0.0
0.0
2.821046
0.0
0.0
0.0
0.0
0.0
0.0
0.23043156
1.4757037
2.1876187
2.71582
4.901752
2.998927
0.0
1.5079439
0.0
0.0
0.0
2.332294
3.837237
0.24982691
1.5884072
0.0
0.0
0.0
0.0
1.8535465
2.4371147
0.0
0.0
0.0
3.1124563
2.0899267
0.0
0.23404956
2.3302972
0.0
2.4225087
1.033771
0.23988187
1.0577023
0.0
1.9090533
2.4777026
3.8116307
4.0801077
0.0
0.0
0.0
0.0
0.32019317
0.0
1.7728299
0.0
0.0
0.0
0.0
1.4853358
1.4133215
0.0
0.0
0.0
5.8795633
0.0
0.0
0.0
2.4343877
5.0617456
1.2944549
0.838688
2.5506973
3.0480118
0.0
1.68643
3.0334294
0.0
5.313623
0.0
0.0
0.0
4.0104003
0.0
0.0
3.2797365
3.8318336
0.0
0.7695824
2.2996485
3.7271202
3.8391442
1.8404365
0.3098786
0.8542001
2.3377209
1.5012443
0.0
2.2189438
0.0
0.61906874
1.209411
0.4657209
0.0
0.0
0.0
0.3639698
0.0
2.5481372
0.0
1.6969681
0.0
3.2443225
1.4888883
0.0
0.62288344
2.839437
0.018668175
4.804325
0.0
0.0
1.6936898
1.1441827
2.8138518
0.15107095
0.0
0.0
1.1393011
0.0
0.0
0.0
5.3430943
0.0
0.0
1.8370837
0.0
3.2559485
0.0
0.20072758
0.0
0.0
0.20227432
0.0
1.9719243
1.1675715
0.81395507
0.006133318
0.0
1.2555301
1.0318667
2.1364598
0.0
0.46328008
1.0652035
0.28832555
0.0
1.4561921
0.0
0.0
0.0
0.0
0.0
2.0616293
0.0
1.1081815
0.0
1.6775578
0.06580651
3.2388985
0.5393207
0.0
1.4448315
4.314208
2.0885496
0.0
1.5415877
4.745877
0.0
0.58631897
0.0
0.0
1.8629104
1.9962609
2.9430122
0.0
0.4867822
0.0
0.0
0.75648725
0.0
1.046893
2.8306217
0.0
0.0064641237
0.0
0.0
0.0
0.0
2.725163
2.2594094
0.8682847
0.8854002
0.62732995
0.04979074
0.0
0.0
0.0
2.060014
0.37614703
5.402133
0.0
0.0
0.0
0.0
1.2242109
3.023672
0.59325993
0.58457553
4.5437603
3.761241
0.9506792
1.5977234
0.0
0.0
0.0
0.0
0.40296018
0.0
0.0
0.0
0.0
2.871573
0.8145511
3.8479
1.8620312
0.6984204
2.556786
0.0
0.13404489
1.3311714
0.0
0.0
0.0
0.0
0.0
1.8878192
0.8020431
0.0
0.025993586
0.20873249
0.0
0.0
0.0
0.0
0.0
0.37902892
0.0
0.0
0.0
3.7792683
0.6464213
0.0
0.0
1.3014436
0.6615311
0.0
4.319179
2.9868693
0.0
1.4675468
0.0
0.0
0.030961633
0.0
0.0
2.823186
0.0
0.0
0.0
0.0
0.0
1.4836013
1.5881598
1.0863006
0.5493343
0.0
2.4633765
0.0
1.6957968
1.6139537
0.0
0.0
0.0
2.5965242
0.0
3.02839
0.0
0.0
0.066012144
1.7796308
0.36551058
0.0
1.355952
2.6565433
0.48140883
0.39185584
0.0
0.0
0.0
3.1679363
0.0
0.0
1.7588377
0.0
0.0
0.0
0.0
0.8278072
1.5681684
0.0
0.0
1.4269203
0.0
0.0
2.2511334
0.0
2.5147676
0.0
0.0
1.5187502
0.0
1.227805
1.4180452
0.0
2.6586504
0.0
0.572139
0.0
0.96158683
0.0
0.0
3.8273306
0.6967515
0.0
0.0
0.0
0.0
5.2650094
2.5974393
0.0
2.1452398
0.0
0.0
0.8802295
0.0
1.8610567
0.44497252
0.0
0.0
2.0448983
1.1639863
0.07208586
0.0
0.14004707
0.0
0.14818907
1.6734183
1.2000948
0.3904611
0.0
0.026872754
0.0
0.8186817
0.0
0.0
0.0
0.8311033
0.0
2.0107508
0.67819357
0.82363784
1.4482498
0.0
2.3682446
0.0
0.0
0.07734895
0.0
0.0
0.1836896
0.0
0.0
4.8104167
0.66051185
0.0
0.24953485
0.0
0.44530034
0.4915625
0.0
0.0
0.0
0.0
0.0
1.1590809
3.9976358
0.07543564
0.796023
4.4952364
0.5936533
0.0
0.0
0.0
0.0
0.0
0.2813071
2.9519498
0.5385816
0.0
2.5793672
1.6137928
4.8327894
0.0
5.112439
1.8574834
0.0
0.0
0.0
4.374048
0.0
0.0
0.0
0.0
0.0
0.0
0.0
0.0
0.31223
2.731806
1.3597637
0.0
0.0
0.78199804
0.0
0.3274858
0.0
0.9626657
3.2234101
1.1351109
2.9647708
0.0
1.3498992
0.0
0.0
0.0
0.0
0.0
0.46950877
0.17894506
0.0
0.75773597
2.9594243
1.2059689
0.0
0.0
0.0
0.694859
0.0
0.0
1.2472004
