2.4787517
45.87953
52.883053
42.00682
47.611954
37.706196
2.1904097
44.041794
89.11845
69.13381
26.780552
60.319363
70.473495
20.42364
56.708958
66.48079
11.236894
47.20209
80.17677
88.53674
62.985256
92.94424
24.154379
41.525757
42.699154
19.84628
82.90867
3.0097234
34.364483
63.48636
41.053375
24.439384
96.56726
77.437294
77.20904
38.346878
26.646912
77.313255
88.17757
86.29266
51.133446
86.12614
55.368687
60.29846
85.95408
15.579357
32.271915
21.394777
28.078562
9.638522
23.072111
41.282146
87.86493
59.968838
67.9219
67.60854
34.345642
59.147884
85.01798
64.800934
90.77539
18.700264
18.405085
90.19545
11.134083
13.202039
98.72439
53.595142
67.04843
21.66544
94.653885
6.8946505
89.82967
65.30795
58.71939
79.302475
6.5268126
62.88755
82.58648
43.999542
1.3090992
49.05355
98.48593
78.629395
40.109615
56.619343
72.23964
15.310956
15.364493
49.09367
70.67913
6.2611065
67.71267
69.78648
32.68093
64.78079
78.168785
24.524885
31.39643
50.34322
42.00917
86.36198
79.53789
68.53266
1.646702
91.06727
32.3291
55.41791
18.859617
56.535973
26.378569
19.765667
18.511082
95.440025
55.340218
53.953323
63.94266
37.718464
1.9091681
71.422714
50.302612
30.419746
51.0438
24.549482
80.8236
63.434887
2.6635957
39.000584
38.883217
60.783203
70.4135
74.46544
76.00154
60.221096
1.8424722
46.92268
21.938944
82.681175
55.257717
83.80833
58.497257
51.008045
13.034981
64.30837
18.053368
43.160892
24.941284
16.081045
48.72181
27.566051
26.923576
39.937553
69.03934
15.357512
18.674416
34.250156
42.54607
38.990776
88.30236
68.19122
68.36998
31.031963
41.921516
46.040306
42.66236
63.22534
30.596523
88.54536
71.24452
1.7040545
52.479115
85.96504
61.110245
41.385807
15.776758
83.28099
6.432225
6.582251
80.2796
86.41927
34.414513
60.50759
12.085802
57.482525
10.261319
44.012756
98.67007
17.036482
39.919716
98.10249
63.39272
74.49216
96.58094
64.43938
31.444302
56.159317
56.626114
4.238471
31.953798
8.721412
19.577423
10.99601
34.69356
67.22559
79.592606
25.858154
18.407898
80.35922
54.45768
59.448765
76.29779
34.30287
58.73698
7.9004927
80.717834
23.161472
28.625214
58.97524
7.515983
25.136822
87.35183
76.75455
4.599652
77.36381
58.367756
18.760515
83.44604
61.470657
19.13118
33.039864
47.080555
6.8316865
87.70595
55.031963
78.44293
7.8886404
96.46658
51.060482
16.860556
21.8483
31.713388
62.907936
27.61374
89.54071
66.57406
44.77521
67.45773
81.23861
1.1932846
59.854645
43.91602
21.318693
15.622496
18.93684
35.379585
1.4136846
88.45524
81.28074
56.59716
4.642597
72.03356
4.822467
99.04721
78.56646
99.96534
23.463024
35.614117
80.56831
49.26906
6.8106613
71.78164
42.51057
75.17298
61.347973
68.62791
24.449745
40.908413
50.11004
59.56793
2.4110823
50.37264
56.27923
59.181683
90.05746
94.68241
66.65928
72.99688
44.81837
27.125238
66.10049
0.6495246
50.006638
0.876257
37.49892
43.060455
89.54624
25.35597
18.380808
43.63659
80.618164
59.63972
30.34805
34.511585
7.483009
29.258606
5.6958804
23.238678
4.4025836
43.46414
3.1629262
2.9807758
87.3871
83.98086
47.283226
3.2079859
67.89855
98.10908
69.5565
19.325993
59.98019
43.1559
16.190619
5.6600547
28.913855
92.376236
29.190334
3.3836854
79.883026
35.77326
32.868362
51.252697
15.337283
59.693768
81.724335
55.982895
41.228863
60.458687
36.765675
12.660721
20.280075
65.8899
86.019646
58.23209
47.489357
59.40772
55.811237
2.5748708
94.43862
46.4666
46.13855
30.54784
20.119436
92.1633
97.370995
45.82814
17.633116
86.084854
81.04008
27.937256
73.37661
38.594166
98.777756
55.46898
13.157206
22.639942
2.571971
72.53625
50.437817
7.3566957
67.04822
95.673874
69.48527
34.85574
97.67649
20.811981
59.759098
67.70582
77.44605
28.175097
62.034958
65.58709
8.046741
97.92563
86.323074
33.91266
38.666683
95.45337
95.584724
69.16096
47.65944
63.92315
89.55628
31.961573
86.26904
62.02455
71.126785
41.83885
23.54845
82.2938
80.86067
29.81685
35.052418
77.101074
11.236471
26.498556
25.339104
28.296177
69.39948
43.235844
48.649075
71.55153
59.027294
61.39644
30.295528
54.127842
1.2229155
14.407425
60.00409
33.570515
59.337406
25.944578
62.230305
0.044030417
1.7783341
99.51386
19.264423
98.72427
50.799152
25.240683
67.5135
79.85234
76.97971
86.07652
66.58316
67.93572
16.838076
58.284695
97.644936
57.623493
91.78127
53.799713
64.741
29.492893
96.12476
63.971607
19.018745
75.89354
15.336148
66.61307
23.468151
23.580584
85.92024
20.039011
3.2762046
28.393135
91.53952
67.14529
50.637398
68.0829
51.949238
35.861725
28.62794
0.9236482
57.371124
77.58544
49.37011
55.601925
68.02152
41.003487
44.896927
69.64109
56.233517
17.244007
84.791
11.040208
84.86
96.31173
76.16916
15.509072
80.16424
98.57269
91.94937
75.67354
84.1336
30.229801
70.58863
56.138134
26.438688
5.5990834
73.67194
88.00632
2.5895097
33.334446
56.896736
90.52239
77.09416
31.641514
76.05824
63.770023
73.12522
77.97418
93.583435
41.35078
62.308117
5.801795
49.275375
27.751566
7.918584
18.113047
65.54825
81.24855
45.531796
53.67276
60.06866
29.363913
40.319
58.876076
70.46254
76.53299
59.230335
14.945097
30.282084
26.6947
20.825754
12.767114
57.778065
17.800365
88.3064
21.068691
28.08767
82.23789
78.72042
42.52052
85.68828
15.820765
50.455784
72.2421
68.191086
6.182246
20.439949
88.283485
55.54247
99.68651
52.575397
62.62761
62.674473
75.51122
41.850723
67.61511
74.00237
19.487482
1.0730042
99.61347
63.428932
20.741615
71.15952
52.62417
22.759201
37.667095
57.278408
88.072365
55.629192
12.655225
29.69663
74.44941
81.42783
36.58201
20.25581
22.050684
85.393036
55.289974
49.558716
41.432995
63.195473
46.343742
20.90148
41.760166
0.0695201
40.94416
66.05463
21.005
76.88675
97.09147
54.56116
92.346054
95.65119
67.63652
88.08732
51.80808
35.415253
22.780375
7.727462
70.65737
64.795784
42.60397
84.03233
92.88896
24.619995
37.6379
44.05018
35.279743
11.059603
68.19515
31.879108
15.712405
69.58413
14.853675
62.19233
1.0372899
11.2345915
48.5933
84.87634
63.143852
74.021286
16.305712
48.26976
19.99322
54.533478
88.95292
31.369658
34.36606
90.67345
11.450345
43.076706
30.305603
4.356072
0.9341013
14.728387
64.84338
53.77914
83.30831
3.9272325
51.59958
66.52037
46.299652
4.357322
97.35408
0.85974437
26.017937
59.08518
54.65735
25.695019
2.8629034
20.871397
57.85427
38.513523
91.94717
93.98656
52.56857
28.8577
75.49562
44.59957
75.158035
54.45234
68.24479
4.8362794
60.520733
44.693867
44.488743
40.122375
98.00283
69.7528
43.404415
88.00166
20.622467
79.95474
34.891586
25.492397
42.747356
25.098698
71.119995
66.98037
75.62122
20.614435
39.32734
5.5522814
91.36622
56.438465
71.165474
0.4918866
9.514731
18.097256
88.21071
17.327694
84.64741
47.839325
50.36091
23.746283
33.47772
77.23263
80.39891
88.186806
97.99087
45.207573
97.81927
75.24657
64.216965
84.75098
61.777237
59.552063
40.92792
54.575745
7.569678
42.367947
7.4620347
53.171673
32.77548
56.23325
10.556885
45.887993
1.2704941
18.597858
52.45031
66.70209
8.514613
72.98831
73.48914
59.76326
99.1965
55.13539
83.35967
99.32203
43.41911
30.17145
73.619835
70.055885
28.456833
23.01119
53.27375
44.859962
25.276796
97.97359
76.20347
39.24566
1.2839141
28.13273
25.926958
58.076584
59.144043
24.191998
4.167657
78.495255
93.69115
24.07875
48.549923
63.893448
80.910095
7.6962748
28.313366
38.902237
52.626095
71.83828
15.8785095
2.0854805
92.5151
71.15585
35.26573
69.834366
76.708305
7.821829
92.8715
25.425707
70.84764
38.169327
73.64987
95.91002
81.09552
89.05745
62.700974
23.666534
27.683605
62.19474
44.665905
24.298153
10.884281
83.52749
99.91529
33.988735
4.8505583
14.067049
36.122498
47.691383
17.320942
27.445143
34.69993
67.339424
35.417534
79.33284
94.93339
73.75547
3.444986
52.09617
6.3772616
64.075195
4.7793736
32.406937
49.42973
10.284155
3.9371493
37.50318
20.02431
5.5908966
72.17313
69.012924
60.96939
52.55562
29.785011
11.113556
42.328163
18.445665
59.141144
40.55847
92.131615
45.764458
14.620557
59.350525
57.320072
78.021736
64.224434
69.78671
4.6463575
10.909607
7.1008663
69.834656
66.905266
52.265217
3.3388028
83.704475
80.2599
23.407719
61.538082
54.2314
36.21308
44.271175
32.651028
20.226784
33.443703
99.42257
86.87526
89.09186
98.4458
23.238874
14.460716
89.2964
56.365425
32.864647
74.33648
74.26922
98.17575
76.657646
74.1532
12.13538
63.181152
12.378086
49.352825
18.552687
32.81966
12.907094
9.70868
38.10764
89.7153
5.7189136
9.281967
50.93524
48.200268
45.19208
37.866825
75.4994
75.08122
41.063957
66.75227
97.87536
67.40438
98.02648
23.484503
7.3298955
47.719498
53.58225
38.114418
84.0316
2.3088744
72.23107
44.597622
99.29533
78.02084
29.86245
43.299725
25.785217
29.586372
59.97085
95.17022
59.478104
28.126764
81.30981
37.17651
5.6830673
4.637465
5.6256094
88.17028
31.92115
16.015335
95.62633
53.611088
93.077934
13.512083
54.6363
49.13787
31.142
92.50516
1.4017135
24.855644
60.16291
31.281034
63.159313
37.00706
14.736378
75.52839
33.2405
32.82961
0.55624676
38.351006
68.99399
32.992702
11.493541
76.14221
58.698452
83.262146
41.11085
9.24918
75.19436
56.57235
35.98215
61.184963
39.811474
76.912544
21.123095
67.29664
36.194183
2.6228843
76.29595
55.847668
12.012856
88.210724
75.27537
99.25277
4.827985
20.678911
90.89304
17.990707
91.34629
6.8222146
72.684685
29.66236
61.98467
71.62501
63.81191
57.456295
2.1323197
37.289974
66.395065
49.558384
24.767025
25.33959
28.596478
87.96768
24.238007
26.250916
24.69405
9.112997
90.78115
12.704155
52.826458
38.746555
40.448124
78.986565
28.510557
47.507633
7.652855
22.578606
94.99291
36.124645
6.9616327
99.46727
17.152771
23.270777
79.06363
30.625784
11.161304
94.55243
29.471977
61.028896
48.883118
86.66774
67.241554
70.5976
4.5772886
34.218414
32.55008
97.85339
71.784134
72.14517
90.48897
22.309204
91.569855
29.408367
35.303593
76.141396
63.75803
62.71787
94.178
21.207058
71.61573
44.602226
48.54809
7.0245028
18.38068
71.27335
69.08613
47.822212
24.44241
20.618048
23.764238
28.672699
26.661629
74.59631
55.805225
69.34128
9.118245
68.916534
1.6383495
16.35151
58.31783
16.672188
80.87757
83.964836
28.648964
56.132652
79.98536
14.279673
96.32116
27.353937
50.82407
61.32555
38.329967
20.7801
96.95215
36.443714
92.03827
74.901634
43.337658
18.585543
57.419888
33.00367
48.540287
24.758404
34.1764
10.754633
47.34367
73.740974
27.135273
62.53136
38.118614
98.61828
43.15995
89.40844
39.542694
36.834373
43.74751
68.458565
72.51983
90.95709
58.33318
54.85754
50.192245
37.82542
18.395624
29.265642
62.86209
72.69259
20.263475
17.057278
97.09245
43.581467
44.8383
88.789764
90.53254
79.270615
62.87983
80.94316
9.1765585
63.492916
37.06134
40.871166
12.889884
93.31265
96.71448
95.26849
72.10792
46.787148
63.083553
80.20022
69.34665
68.72765
12.086996
88.94527
46.06277
5.234657
72.234795
71.98787
13.169838
1.347015
33.464535
90.82235
47.57628
39.316006
2.813799
43.135082
9.72943
76.4772
57.845474
75.045654
66.51912
36.49977
34.714516
82.860466
0.049399428
52.027054
90.80832
43.78373
90.486595
16.260132
81.10429
95.410515
67.188965
85.6211
32.885185
26.40613
67.137566
53.659016
86.77854
72.28623
53.251377
9.84073
42.641506
3.7627358
22.48545
59.995296
23.475475
1.3242979
6.6428423
61.289955
45.57983
25.077564
2.9328322
23.639679
46.26231
10.182844
36.27242
53.975216
25.805473
0.13596004
15.384895
0.9129922
56.55453
10.336103
90.46618
94.55595
12.926892
32.37441
70.93367
20.99259
59.49232
51.22619
31.487236
0.4260157
41.969383
73.80596
98.19617
50.5202
69.7789
59.02939
9.168886
50.877502
22.102953
2.5163295
22.635895
29.613092
71.60083
49.958847
31.785635
61.157337
5.0497913
48.0512
32.71873
5.945332
23.220442
58.268135
6.0323424
8.501198
34.781765
47.720623
1.4624596
45.321747
21.570335
34.177326
39.114136
59.84724
5.5896635
60.313828
92.25752
98.38991
50.04268
62.384552
11.520301
37.722702
91.273964
82.9198
0.09672747
24.45566
81.75457
62.284176
6.587694
67.94585
63.266743
93.633545
24.281725
2.3420455
5.163823
69.022385
20.41543
74.858345
40.775723
37.982735
14.616241
50.483994
17.972765
74.24372
22.997375
68.14908
80.49838
31.393293
60.64043
4.9094815
13.510007
85.465004
7.4460535
37.796005
50.28351
95.11256
69.01004
69.11657
62.176212
79.27533
66.2994
43.557823
13.467737
45.55049
19.51503
84.19656
22.845045
81.84449
50.211758
27.205692
25.230488
5.2695737
49.882187
58.08733
98.4569
65.382164
19.33721
71.678535
82.374374
29.276505
92.56445
16.958431
35.7278
43.00012
16.025555
9.3157835
57.385048
7.8479404
43.170036
54.445225
35.761215
7.6749897
7.4955854
20.636042
12.457996
30.340733
64.30043
33.82317
6.6199245
71.6786
18.02354
99.34654
17.421574
45.86645
78.130554
45.96571
10.190621
28.81755
70.32068
19.96519
61.832325
66.9821
95.42855
86.65122
3.342897
53.15898
13.991216
81.13915
85.807396
13.355202
2.0468829
45.889297
91.713425
26.61311
85.79993
84.34172
37.456833
4.188735
31.378122
93.91216
45.56104
1.0548333
11.305863
69.013374
40.181618
3.4061291
56.841965
12.066138
39.44421
31.609482
15.288918
5.275728
10.3918495
29.682926
23.200144
17.97418
95.814186
49.852173
55.721233
94.75827
92.684746
10.023291
29.247784
58.721733
56.75605
99.172386
29.970081
38.34705
69.27178
32.359592
36.595818
80.77867
79.96486
54.983036
61.121323
31.40512
48.629864
32.63787
94.76008
52.004417
65.61906
15.6196
75.38308
87.17266
1.9846802
52.571735
66.16349
99.156395
1.623753
97.885864
94.67812
41.120373
86.16656
98.9475
91.78813
66.12167
25.881422
49.41062
31.119066
86.42234
53.649635
98.94437
68.00907
68.16542
41.09889
82.41449
28.462948
70.960785
73.18716
15.050135
18.557428
55.221214
54.64024
98.77592
14.840923
72.462326
11.922661
12.88155
87.101654
52.15319
44.71214
80.523254
57.28918
28.118145
76.54872
69.70916
40.312992
76.465485
54.90934
64.672295
60.961884
33.392273
24.863937
48.213856
7.2493267
14.868351
53.888332
41.842506
36.983963
29.754965
7.864544
52.963753
72.860756
51.3744
17.322155
33.157436
23.1974
89.07714
42.571804
26.663763
96.50149
9.092328
99.90399
93.12856
61.939518
38.07794
73.771065
25.555199
10.070027
51.600433
10.246208
58.069427
38.434086
15.632726
95.67131
26.600819
44.620136
42.220398
71.28875
83.94193
47.675064
32.271946
38.75841
99.72298
23.377884
29.953753
37.597763
70.0651
31.606167
9.974237
74.297585
2.9371006
31.912327
54.51809
29.493748
68.143456
33.49412
62.740707
51.010494
67.34007
65.137474
69.86244
80.226555
74.32456
53.767696
72.03818
17.574293
98.97891
94.44653
76.03319
72.71317
6.548071
27.27401
51.109024
62.33374
82.88805
70.08686
88.47838
89.93597
24.292822
60.828735
14.481303
41.98051
30.552256
30.682495
52.146946
55.925663
0.5651703
52.45194
18.61072
91.60139
74.83154
92.54923
78.2071
98.77026
77.70162
90.374054
98.71862
45.36302
65.9341
46.65881
79.95205
56.003014
58.568348
19.9721
74.18948
45.738903
93.28315
11.559674
98.020905
76.71495
29.743221
2.0966215
66.66903
14.986694
52.935143
58.87191
57.343822
47.594166
97.55347
92.30273
83.30746
24.391733
73.40118
93.21677
7.454361
1.0639392
9.235497
81.83326
83.93035
96.964386
6.60913
45.26661
31.822186
51.56858
47.723743
36.533604
69.091415
47.959614
74.367744
15.780886
24.540813
89.87798
12.871883
68.564995
33.980373
57.599335
69.99133
31.052608
82.90875
29.37079
92.02407
11.869513
16.247265
91.470375
77.27493
52.836388
95.108444
58.77282
85.58101
80.768425
83.18451
57.62191
39.621952
78.91055
6.445128
63.031746
89.47819
62.362915
28.3023
60.015923
61.860718
26.082
30.48012
41.698692
81.51318
71.57962
81.73419
86.48573
36.013996
3.7014594
55.928032
48.278347
74.26609
88.96565
66.18188
68.569664
6.0203505
4.0436597
40.850132
7.165595
56.850895
11.983417
90.14338
23.721626
58.245174
20.731565
41.950813
84.76143
7.4292684
62.89912
6.4346185
16.77988
96.67122
44.657528
96.59964
36.342037
20.234734
11.084219
48.67601
52.971848
26.776306
63.65583
44.73226
12.092739
30.15293
48.5759
1.5308496
13.5945835
44.339584
78.406906
21.515043
19.23877
10.887059
96.85864
33.585274
76.739265
65.02729
18.494465
17.97806
26.43019
55.558598
46.849773
21.407728
22.853077
63.03399
8.774495
48.250977
23.559261
38.718132
81.35963
66.607666
10.095618
41.904392
33.717693
92.06637
57.49186
32.674007
56.368885
33.91389
49.173904
25.72699
66.96519
29.035158
8.358113
60.563034
43.21614
62.510445
20.767052
0.91936195
40.206306
40.69675
22.62655
60.16052
50.587685
94.01387
90.28421
9.77983
9.667935
97.622246
72.06535
38.658627
29.440554
54.267517
1.0863467
99.50701
82.18797
4.476417
69.86021
55.59024
16.411375
61.391575
85.15019
50.603374
35.955704
14.077559
27.72786
15.076794
77.926994
7.3718586
87.473274
13.168363
36.154026
87.308876
9.443566
67.657776
34.66004
65.281654
93.16097
10.154654
34.492283
56.128803
19.563408
79.76
21.750555
84.55006
26.545828
61.38063
33.871418
2.5161984
0.16424742
98.81799
25.929346
81.45665
74.292725
4.420519
49.78465
22.217035
9.910312
11.044956
4.4064665
50.664898
5.830904
94.29678
82.33678
43.05273
56.419743
93.88325
37.738213
6.493932
96.07226
42.95183
47.437584
69.342575
67.96849
7.6448684
64.24266
71.814865
85.47132
62.426495
85.765434
61.745464
45.979076
88.224335
36.485706
28.91163
70.13355
74.406204
60.37581
18.60197
89.3741
61.042137
85.12732
83.06244
99.55924
59.503616
59.2312
74.81604
66.43282
33.08268
49.374187
78.73546
19.519773
51.554085
55.1024
87.885635
21.395283
22.033731
88.75413
66.60423
74.38496
11.618434
15.365153
87.37905
51.944237
82.15973
53.116367
66.20963
69.20793
7.392365
38.666462
44.641396
41.243263
34.131596
42.030567
24.487797
67.38948
49.02786
71.4547
83.279816
42.97979
36.948666
76.16225
99.82556
0.7763035
85.832375
89.84037
36.107277
19.458063
99.31827
28.802885
41.612694
67.839386
57.149384
3.9552932
95.5882
24.708712
47.878098
99.38418
32.026585
7.3236337
95.68759
11.474698
58.357426
90.28147
82.43746
4.3718505
12.207678
15.469678
86.40406
51.544296
27.82065
43.948277
19.48895
5.1218276
60.866383
39.907204
68.02643
24.627361
68.56416
70.23144
1.5455167
0.42320397
51.805206
12.38795
46.77839
54.04096
69.32286
37.31349
42.55118
65.39748
46.72479
26.540627
77.86253
88.98496
52.165977
90.85254
58.124443
91.55494
71.92572
65.03175
39.564117
85.606445
7.689848
49.65941
42.672356
19.151243
9.428045
66.25856
36.43842
99.94148
43.63759
9.16046
73.54095
8.009819
30.212513
0.17773347
4.346136
19.200895
34.266827
76.36604
14.67059
27.948992
55.3292
60.67451
21.755144
51.988575
76.91237
73.98483
59.35219
29.253717
18.670895
86.459785
45.02361
11.031195
16.996378
45.657413
82.92787
95.62418
17.815598
43.438
21.467659
32.419212
88.671844
75.59483
0.023809383
4.4496994
17.429232
80.23733
87.01905
53.026863
79.610466
4.2721806
96.65891
57.995964
23.727442
76.728424
12.340613
70.95732
70.19876
74.259285
40.44721
25.9831
64.5697
23.114021
67.47804
50.957634
94.694466
61.204376
41.923588
64.11947
24.455498
27.301836
84.83137
5.574648
71.9512
43.565197
51.032166
93.82623
19.046852
43.36743
52.258873
62.28018
90.11586
70.52282
68.24921
40.66139
63.043434
91.62856
73.91493
48.71367
51.36157
44.678955
69.30339
3.6971328
72.14335
29.285053
23.78621
23.54266
37.122494
75.76487
78.071266
83.35646
76.117836
25.675
9.549584
46.245045
79.91507
60.27674
47.148903
30.349733
20.768373
84.62566
99.51172
76.77947
54.316357
15.015554
91.812294
84.941795
55.29125
58.16684
90.30363
84.08332
23.65293
68.44313
42.52875
97.506584
44.230362
74.98519
18.710337
2.1754296
21.630655
15.380509
40.281834
21.573496
97.09081
36.531685
36.476254
31.145397
14.906936
0.98081595
91.55924
0.2356581
91.98046
45.089832
23.962076
1.9051496
9.266676
77.79529
36.53584
88.62768
67.6935
34.356434
80.73373
67.39047
99.67493
62.522755
80.50297
84.72589
47.952923
31.473427
71.79049
21.379711
98.05572
19.38441
63.65212
70.32166
69.16623
99.59367
8.005165
24.223854
13.867067
21.468767
29.104523
96.130585
2.7540355
77.108116
45.98546
92.32245
36.998173
56.65165
92.20472
92.395004
88.57899
69.728325
25.597809
48.47965
52.095867
59.26112
76.283455
9.351526
46.908848
46.503174
24.208673
57.8614
83.256226
79.93984
92.50511
41.549763
34.999302
33.201466
20.978668
98.42073
12.882179
87.75358
98.82872
55.905136
57.65819
91.22141
98.66058
91.03257
43.894833
30.695084
39.9945
36.03537
45.315
96.66055
75.5664
69.29821
46.440964
3.4073818
10.192075
5.858025
73.278366
98.53873
44.801205
63.844475
29.64239
19.96418
13.781782
83.83227
0.58195883
52.09256
2.7557735
19.4093
32.406002
11.260261
62.10391
97.160034
4.5758176
40.97278
30.070087
38.803547
3.364701
24.16328
17.994095
56.612938
28.360355
87.10924
46.45707
23.944191
22.49469
52.23499
26.680561
17.12375
11.7894125
31.500572
5.3401637
76.11854
30.324064
90.5646
1.2558417
88.074135
36.676113
45.97643
46.064526
36.63158
48.123848
60.554665
49.88662
19.577751
97.981514
90.82673
64.31337
65.31774
3.2783773
79.823616
40.935688
54.86277
11.862229
13.388812
13.472364
23.532816
98.49876
30.390581
21.306679
42.191483
60.519176
86.94523
55.772747
9.5293
61.272392
63.89718
40.72716
65.55805
98.19782
81.61655
55.102646
49.01174
77.90452
79.27171
83.817696
96.8095
77.40623
87.734535
41.75194
52.96978
50.973843
63.373947
44.41235
67.52326
5.543465
85.60034
79.77297
96.132355
22.075539
1.9206738
30.222853
17.245274
17.344728
85.35619
91.73181
30.955353
29.300589
23.328138
11.809703
26.525255
86.18118
64.545746
3.6816099
10.910955
36.272804
92.02987
35.683895
24.984121
31.737768
7.8467517
3.7166517
78.72536
24.2632
17.72493
77.33034
26.512959
48.614132
48.59999
84.64847
66.020035
51.377712
85.07848
63.658215
1.8928
22.040985
27.067778
98.8545
22.143242
73.405174
28.757986
82.41068
96.814705
71.094604
90.57112
85.19448
39.503193
31.604174
59.678703
45.068718
50.840237
47.29202
27.39747
63.799656
9.798831
53.157394
34.971584
62.783966
21.741758
91.57753
28.200525
93.08319
66.34488
66.02214
0.26663354
66.92939
85.65378
18.044516
60.64147
81.092026
97.49885
49.30167
47.53559
47.11096
77.74382
12.075679
33.868168
32.22933
83.772415
20.887508
99.27208
96.20563
56.235126
28.721626
74.566605
51.81453
91.54012
59.327618
26.537857
10.8339615
67.4054
93.221756
38.85687
74.4322
9.175603
6.832619
86.95693
46.7207
70.621925
42.680965
87.54886
56.44316
59.295708
17.444035
86.44646
62.827663
66.406654
71.78179
50.65045
98.49327
76.201385
53.799576
83.57362
33.88736
67.62199
34.085075
66.90023
83.65737
64.70461
88.03881
8.8267355
49.03322
96.31473
91.79408
81.10073
20.068624
90.625
57.172657
63.876087
78.37205
20.04741
16.557856
76.55617
83.12061
71.215996
16.453112
70.83641
18.33797
94.612305
38.912254
43.622417
77.24884
6.80553
12.957223
88.19173
49.730133
30.94309
98.363335
39.468124
72.21999
49.573742
51.654762
38.495384
73.83075
41.42571
18.350641
26.87767
41.354836
16.354177
47.07406
97.3547
92.86099
33.98441
47.43924
83.49078
50.655083
32.019268
81.36872
65.83863
88.01051
48.365276
27.231468
27.763872
17.064772
47.790497
97.30176
39.75047
15.1367855
13.569101
11.375685
48.401566
34.23627
77.55537
75.830315
14.808672
49.587837
27.5599
81.9019
79.375175
74.84891
34.995083
1.108918
20.746828
90.12221
19.407467
7.902483
53.33524
87.975334
93.35449
57.79688
76.919044
89.78671
26.880083
53.81579
24.6254
0.0962477
52.126984
81.653915
50.592896
68.29484
69.121895
34.74328
21.178736
62.903347
38.608658
66.87451
72.4908
93.17713
91.33329
73.3595
91.899864
35.83676
20.695263
35.549957
82.34307
30.724203
73.24588
17.039175
32.180374
62.833897
25.378937
28.365904
37.79038
16.469803
15.096974
62.73777
41.76576
13.552518
53.61491
66.60862
3.8990266
90.9863
28.560312
78.991425
19.516825
96.22748
8.673542
85.980064
46.82477
21.510311
18.564243
52.790134
86.680084
28.470476
6.8839006
49.452156
94.54216
75.29628
20.193756
65.68982
62.224392
50.62986
73.25339
77.05833
26.524584
62.843136
21.302977
26.006126
94.267715
34.349606
25.184994
5.540048
4.335475
70.156975
38.327724
44.399242
74.10894
53.964294
58.6468
53.10004
22.34735
53.30932
13.122434
95.68758
89.487854
52.819813
3.8312366
18.543972
11.796555
68.544556
58.92312
68.338
19.12737
67.64145
58.12744
2.9891262
15.987679
94.30283
8.153496
48.57435
53.843006
50.612633
34.95997
5.2244477
86.659096
54.85412
19.452038
51.678307
88.13858
24.518288
38.88971
45.918724
57.300453
86.16703
34.82428
57.676964
59.252075
33.31102
41.933754
25.854391
1.6076062
49.056202
100.0
100.0
98.603745
100.0
100.0
100.0
98.8076
98.474144
100.0
98.75653
96.87842
95.82223
100.0
100.0
99.363464
98.97877
98.348114
98.33339
100.0
100.0
100.0
99.93746
100.0
99.22418
99.39836
96.55012
96.659256
98.46546
99.81852
100.0
98.21525
100.0
99.649216
99.31713
99.90211
100.0
100.0
98.73322
100.0
99.55881
100.0
100.0
100.0
95.4985
100.0
100.0
99.44051
100.0
100.0
100.0
100.0
97.23106
100.0
97.795204
100.0
97.50942
100.0
100.0
100.0
100.0
100.0
100.0
98.95205
99.827805
100.0
100.0
99.570915
97.11954
100.0
100.0
99.33653
100.0
99.767914
100.0
100.0
99.711624
98.45816
99.02342
99.474594
100.0
98.47938
98.454056
97.95073
98.23459
100.0
97.51538
97.450645
100.0
100.0
100.0
100.0
100.0
100.0
99.2215
100.0
97.36631
100.0
100.0
100.0
97.88899
100.0
100.0
100.0
100.0
98.99631
98.46278
99.93509
95.86394
100.0
96.6658
100.0
100.0
100.0
100.0
100.0
100.0
100.0
97.25922
99.10419
100.0
100.0
100.0
100.0
97.39754
99.39427
100.0
99.15566
98.745766
99.16037
97.13202
100.0
98.64792
100.0
100.0
98.64385
99.0621
99.85244
100.0
100.0
100.0
100.0
100.0
99.22259
100.0
100.0
100.0
97.96392
100.0
100.0
100.0
98.953064
100.0
98.80416
97.41802
99.72552
95.25916
99.36291
98.569405
100.0
98.06979
100.0
99.879036
98.805664
97.33291
100.0
100.0
100.0
100.0
100.0
98.31689
100.0
98.60642
100.0
100.0
97.68202
100.0
100.0
99.13106
98.03176
94.93787
97.10626
99.425514
100.0
98.531494
98.463905
97.24903
99.8414
100.0
100.0
99.12404
100.0
100.0
100.0
100.0
99.1125
99.23778
99.59179
100.0
100.0
100.0
100.0
100.0
98.63106
100.0
97.20579
99.40573
100.0
100.0
100.0
100.0
100.0
100.0
100.0
100.0
100.0
99.11126
100.0
100.0
99.520836
100.0
100.0
98.588715
96.38176
99.05802
100.0
99.72143
100.0
99.267845
100.0
99.60764
100.0
100.0
100.0
99.22698
100.0
100.0
100.0
100.0
96.27398
92.79557
100.0
100.0
100.0
100.0
99.91588
97.32371
97.88618
99.31323
100.0
100.0
100.0
100.0
100.0
100.0
100.0
100.0
99.45429
96.907745
100.0
100.0
99.36266
96.98089
100.0
98.00555
96.14049
99.76754
97.268234
98.323685
100.0
99.55189
98.05236
100.0
95.40954
97.35664
100.0
99.700966
100.0
100.0
100.0
100.0
100.0
97.40037
100.0
100.0
98.34552
99.33739
98.48628
100.0
96.36071
97.57621
97.955444
99.92971
97.93748
97.36665
96.452866
100.0
100.0
100.0
99.811035
100.0
99.706856
99.18827
99.22786
99.59087
100.0
100.0
98.984825
100.0
100.0
96.034645
100.0
98.96136
100.0
100.0
100.0
100.0
100.0
100.0
99.209
99.52911
99.09008
98.95772
100.0
100.0
100.0
100.0
100.0
99.85258
99.49767
94.74096
97.237816
99.9557
97.69802
100.0
100.0
98.08416
100.0
96.252235
100.0
99.137115
100.0
99.520424
100.0
100.0
100.0
97.47476
97.37303
100.0
100.0
100.0
100.0
100.0
100.0
98.80043
99.76394
96.9394
99.7371
97.24455
93.636314
98.91938
94.666435
100.0
97.25989
100.0
99.747505
98.15398
100.0
96.96572
100.0
95.62736
95.72389
100.0
98.3149
98.108
97.00711
98.651245
99.21863
98.98473
100.0
99.16022
100.0
99.312355
100.0
100.0
96.5808
100.0
95.371864
100.0
100.0
100.0
99.04133
100.0
100.0
100.0
99.603165
100.0
98.91416
100.0
95.76128
99.62694
100.0
100.0
99.68021
96.95045
100.0
100.0
99.37277
100.0
100.0
96.56706
96.766685
99.77542
100.0
100.0
100.0
100.0
100.0
100.0
100.0
100.0
100.0
98.46223
99.627945
100.0
99.937965
100.0
95.908966
99.80587
99.417946
100.0
99.258736
98.16639
100.0
100.0
100.0
94.14252
100.0
100.0
93.58065
97.87308
97.50567
100.0
100.0
100.0
100.0
99.9498
100.0
98.31572
100.0
100.0
98.032486
97.95596
98.3573
100.0
100.0
95.55453
98.839
96.661736
98.705734
96.472275
96.13275
100.0
96.485344
100.0
100.0
100.0
100.0
99.77188
97.0294
98.61465
100.0
99.14759
96.72338
100.0
97.36339
100.0
99.93769
99.04502
98.27222
94.37682
97.54716
99.174515
99.75382
99.56386
100.0
99.3027
98.69826
97.10271
100.0
96.814026
97.183136
100.0
96.877335
98.84717
97.73771
100.0
100.0
100.0
100.0
98.19247
99.32033
100.0
97.633545
100.0
100.0
99.02157
98.14228
100.0
99.93267
98.58751
97.25838
98.478065
98.33378
100.0
99.42425
100.0
97.87909
100.0
98.46423
97.326645
99.96878
100.0
100.0
100.0
100.0
100.0
100.0
96.56444
97.00792
99.92881
100.0
97.913765
100.0
98.81996
100.0
99.48747
99.7178
98.87672
99.34114
100.0
98.68529
100.0
95.8439
99.57606
95.85203
98.99534
96.09989
97.07203
99.84602
99.213974
99.61241
100.0
100.0
100.0
98.51928
95.59888
100.0
100.0
99.5456
96.538475
99.522804
100.0
97.469986
100.0
100.0
100.0
100.0
100.0
100.0
100.0
100.0
100.0
100.0
100.0
99.36882
99.7558
97.956085
100.0
99.17825
98.55021
100.0
100.0
95.25191
95.86726
99.648315
100.0
100.0
96.51898
100.0
100.0
100.0
99.11212
99.873985
98.08451
100.0
98.98358
99.09807
100.0
99.15589
96.79264
100.0
99.03181
98.76811
100.0
97.11583
100.0
100.0
98.354996
97.77286
96.80639
97.50746
99.07449
100.0
97.113785
100.0
98.69473
100.0
100.0
97.758255
100.0
98.9158
96.43127
98.286316
99.15334
100.0
97.193275
100.0
100.0
99.7965
100.0
96.61107
100.0
100.0
100.0
100.0
99.863304
100.0
99.17556
100.0
98.439186
100.0
98.20242
97.738174
97.01632
100.0
96.186356
100.0
100.0
100.0
97.79737
100.0
97.851326
100.0
96.79396
98.96933
98.660126
100.0
100.0
98.2279
100.0
97.70546
99.86444
99.630974
96.898315
100.0
98.27569
100.0
98.74077
100.0
100.0
100.0
100.0
100.0
100.0
100.0
100.0
97.57739
98.76082
100.0
98.90185
100.0
100.0
100.0
100.0
100.0
96.68723
99.987686
100.0
100.0
98.03993
99.29834
100.0
98.56842
100.0
97.81937
100.0
100.0
97.955826
98.715195
96.616135
98.12014
100.0
99.006676
99.42879
98.23364
100.0
100.0
100.0
96.10979
100.0
100.0
99.78205
100.0
100.0
99.9249
100.0
95.53646
98.95022
97.0509
97.671234
99.4151
100.0
95.48476
100.0
100.0
100.0
100.0
100.0
98.61263
100.0
100.0
100.0
100.0
100.0
97.601036
100.0
98.56021
98.66373
97.644684
93.47865
100.0
99.5124
100.0
100.0
100.0
100.0
100.0
99.610794
100.0
98.64513
97.21767
99.22866
100.0
100.0
98.55893
99.1913
100.0
100.0
100.0
100.0
100.0
100.0
100.0
100.0
99.450264
100.0
98.53577
95.92601
100.0
95.66723
100.0
99.20561
100.0
100.0
100.0
99.797615
100.0
100.0
97.79027
98.26304
100.0
99.95154
95.794815
93.80532
96.97328
100.0
98.644325
98.07266
100.0
98.84746
100.0
98.04322
100.0
99.78494
100.0
97.90279
100.0
100.0
100.0
100.0
98.85716
100.0
97.23899
97.32463
100.0
99.16094
100.0
100.0
100.0
100.0
100.0
99.61791
100.0
100.0
95.17476
100.0
95.853874
97.9049
100.0
100.0
100.0
100.0
96.5734
100.0
99.632935
99.98686
98.69288
97.21998
100.0
100.0
100.0
100.0
100.0
100.0
100.0
96.51533
100.0
100.0
97.265945
93.00864
98.41995
100.0
100.0
100.0
100.0
98.602394
100.0
99.742294
100.0
95.326675
95.69698
100.0
98.72394
100.0
99.99877
98.24119
99.374855
100.0
100.0
99.372574
100.0
96.37759
96.66052
99.95048
98.60281
98.8569
97.49431
96.75526
100.0
100.0
98.628136
100.0
94.650246
100.0
100.0
98.78992
100.0
99.35077
99.52988
99.04794
100.0
98.85535
99.986565
98.40215
100.0
97.74793
100.0
99.27636
99.47447
100.0
100.0
100.0
99.07309
98.437294
100.0
98.67089
100.0
99.56081
98.093376
100.0
100.0
99.72912
100.0
99.50983
95.45195
100.0
99.60439
98.361244
100.0
100.0
94.83552
100.0
99.2897
94.78021
100.0
100.0
98.27364
100.0
100.0
95.96949
98.57456
98.349014
100.0
98.367226
100.0
100.0
100.0
100.0
100.0
98.10982
99.28858
98.7195
100.0
100.0
100.0
99.27141
99.61896
99.27652
100.0
99.27018
98.90664
100.0
100.0
98.8121
96.110344
97.83485
97.39803
98.9604
99.983955
99.151924
100.0
100.0
99.36058
100.0
100.0
100.0
99.07585
100.0
100.0
98.49914
99.10979
100.0
98.071
100.0
100.0
100.0
100.0
97.127045
97.67105
98.85331
97.62259
97.89047
99.49405
100.0
94.40399
99.80105
98.91773
99.678894
98.526726
100.0
100.0
96.07455
100.0
100.0
100.0
100.0
100.0
98.99144
100.0
100.0
100.0
100.0
100.0
99.66798
95.5015
99.30117
100.0
100.0
100.0
97.5379
97.1627
100.0
97.507835
99.11949
96.90215
100.0
100.0
98.50568
100.0
100.0
97.70911
99.93104
100.0
97.841576
99.61435
97.833755
99.063126
100.0
100.0
100.0
100.0
99.80587
100.0
100.0
97.13545
99.814186
97.793846
98.140335
96.810936
100.0
99.56167
99.97644
100.0
100.0
99.692665
100.0
100.0
100.0
95.40006
100.0
100.0
97.97842
99.76103
98.45512
100.0
100.0
100.0
100.0
100.0
98.221466
100.0
100.0
100.0
100.0
99.85398
100.0
99.776505
100.0
99.94806
100.0
95.03916
100.0
100.0
97.0107
100.0
99.72943
100.0
100.0
97.71123
100.0
100.0
100.0
96.90225
100.0
98.58059
100.0
99.18511
100.0
98.649956
95.65003
100.0
99.83796
100.0
100.0
94.03027
100.0
100.0
99.53715
99.47083
100.0
98.15091
100.0
100.0
98.123695
97.745026
96.938965
99.05803
100.0
100.0
99.97622
100.0
98.086426
100.0
98.89497
98.26152
100.0
100.0
95.499466
100.0
98.83874
98.72874
99.286255
98.05668
100.0
100.0
100.0
99.385864
100.0
100.0
98.42616
96.51651
100.0
99.610695
98.775444
95.74289
100.0
99.80708
98.54111
99.52936
97.99396
100.0
100.0
100.0
98.48554
97.340294
100.0
98.51801
99.4072
100.0
97.77868
99.64567
99.562645
100.0
100.0
100.0
100.0
100.0
100.0
97.554245
97.33094
100.0
98.7907
100.0
99.71566
99.465195
97.40652
100.0
96.46447
98.82302
100.0
98.64795
96.91752
99.98199
97.648895
100.0
99.62833
100.0
98.976685
100.0
97.7829
100.0
98.73831
100.0
100.0
97.5345
100.0
100.0
100.0
99.77552
99.97884
100.0
100.0
100.0
97.25678
100.0
100.0
96.14879
100.0
100.0
100.0
100.0
100.0
98.63986
100.0
96.24106
95.81494
100.0
97.61695
100.0
96.8536
98.600494
98.75888
98.65478
98.55728
98.20781
96.28458
94.874725
95.87905
98.684845
99.22843
100.0
99.88745
99.84015
100.0
98.192276
99.136856
100.0
97.28626
100.0
99.213936
97.510765
100.0
100.0
95.65319
99.820175
100.0
100.0
99.11863
99.69183
100.0
100.0
99.620605
100.0
98.285515
100.0
100.0
100.0
100.0
100.0
97.207275
100.0
100.0
99.45181
100.0
97.21063
100.0
100.0
98.89287
100.0
97.67405
98.767746
100.0
97.880005
98.51862
100.0
97.17013
100.0
96.27944
98.671
99.435844
95.39702
96.510574
99.94676
100.0
100.0
97.158455
97.977844
100.0
100.0
100.0
95.40423
100.0
97.80674
99.44169
100.0
100.0
100.0
100.0
100.0
100.0
100.0
98.23421
100.0
98.70855
100.0
100.0
98.09245
100.0
100.0
99.19894
99.003494
100.0
100.0
100.0
98.03505
100.0
99.20146
97.15078
100.0
100.0
98.36558
99.65092
100.0
99.73702
99.55397
97.82225
100.0
100.0
100.0
100.0
97.92787
97.35005
98.34589
99.625435
99.64813
100.0
100.0
100.0
99.51843
100.0
100.0
99.79508
97.10049
99.47275
99.931335
99.68194
100.0
97.55355
97.493576
98.480515
100.0
100.0
100.0
100.0
98.80749
100.0
100.0
100.0
100.0
100.0
98.873505
98.89696
100.0
100.0
100.0
98.50548
99.54817
98.38596
100.0
99.49121
100.0
100.0
100.0
100.0
97.672745
97.478775
98.283195
99.30983
97.63226
100.0
98.60081
99.45343
99.44283
97.18584
99.615005
100.0
95.82194
100.0
97.043106
100.0
100.0
100.0
100.0
98.45468
98.3516
96.61126
100.0
98.83656
100.0
100.0
97.68493
99.50898
100.0
98.93687
97.546005
95.81769
100.0
100.0
100.0
98.789024
100.0
98.57868
100.0
95.92337
100.0
100.0
99.20183
100.0
100.0
97.677574
100.0
100.0
100.0
100.0
100.0
98.34945
100.0
100.0
100.0
98.88891
100.0
97.49237
100.0
100.0
97.04435
98.033714
99.6749
100.0
100.0
96.84695
95.91459
98.429924
99.43089
100.0
100.0
100.0
96.58215
97.346115
98.46404
98.854546
97.75973
98.86809
99.69772
100.0
98.85127
100.0
97.24579
100.0
100.0
96.396774
97.58915
100.0
100.0
100.0
99.1419
100.0
98.032295
96.994545
99.551094
99.28661
100.0
96.5249
99.75446
100.0
100.0
98.029076
99.2407
98.57492
98.16675
100.0
99.927124
98.98654
100.0
100.0
97.98505
100.0
100.0
99.95197
99.60611
98.566696
98.099075
96.01286
100.0
100.0
95.86021
96.57496
99.36352
96.01865
100.0
100.0
100.0
100.0
96.048355
93.37541
98.15468
99.409546
100.0
100.0
100.0
100.0
99.85509
99.57252
100.0
99.25498
100.0
98.49114
98.99741
100.0
100.0
98.77676
97.50536
100.0
98.98451
98.08145
100.0
98.78326
100.0
96.368835
100.0
100.0
100.0
100.0
100.0
100.0
100.0
99.39369
99.49577
100.0
99.39754
100.0
100.0
99.68083
98.990234
100.0
100.0
100.0
98.51951
99.69517
96.665726
98.54369
98.635254
96.8065
98.45697
98.62712
100.0
100.0
97.04655
100.0
97.82079
100.0
95.37968
100.0
100.0
98.40365
100.0
100.0
100.0
100.0
97.5743
98.505424
96.58814
97.49516
99.871
95.920135
100.0
100.0
100.0
96.63785
100.0
96.2979
100.0
100.0
98.53556
97.68599
100.0
98.20097
97.58974
100.0
98.27286
100.0
99.80842
97.38585
100.0
97.81553
99.80533
98.769516
98.92407
97.744965
100.0
98.6644
100.0
100.0
97.0582
99.03041
100.0
99.20508
99.44113
98.6219
99.67922
99.46218
99.5104
100.0
99.1944
98.09151
100.0
100.0
100.0
98.63077
100.0
99.16543
98.85424
100.0
100.0
98.85598
99.9943
100.0
100.0
100.0
98.086975
100.0
100.0
97.93885
100.0
94.99531
100.0
99.13894
100.0
100.0
98.954865
100.0
99.99403
99.5246
100.0
95.73443
99.34475
99.10016
99.8341
97.59327
100.0
96.81646
100.0
96.83024
100.0
96.10197
100.0
99.21737
97.50578
100.0
98.9312
99.44933
100.0
97.0304
100.0
99.42577
100.0
99.59742
99.92659
98.3495
98.758675
99.684784
99.802086
98.17461
99.72271
99.56675
97.89456
95.9909
100.0
100.0
100.0
99.5255
100.0
99.02295
99.33997
100.0
100.0
100.0
98.42105
97.762886
100.0
97.66716
100.0
100.0
97.81492
98.110306
97.61829
100.0
99.57035
100.0
100.0
100.0
98.52575
100.0
100.0
100.0
98.787895
94.913445
100.0
100.0
100.0
100.0
96.66345
97.492455
100.0
99.6436
99.65271
100.0
100.0
98.65601
100.0
99.328766
100.0
97.01041
96.30932
100.0
99.63174
100.0
99.30019
95.1347
100.0
100.0
99.0301
97.18709
100.0
100.0
96.192764
96.43976
98.80863
100.0
95.08069
98.55945
100.0
100.0
100.0
98.455
100.0
98.78798
99.56663
99.56094
98.34734
100.0
99.25544
99.29329
100.0
100.0
100.0
100.0
100.0
99.3284
100.0
99.611534
100.0
98.572044
99.92744
100.0
98.394356
97.765526
98.410484
100.0
100.0
97.63589
97.712395
100.0
100.0
96.05043
97.42088
100.0
99.82251
98.52956
99.83197
99.83893
98.51021
100.0
100.0
100.0
99.26031
98.691154
100.0
96.20379
100.0
99.000275
100.0
98.330414
98.85438
96.86575
100.0
100.0
100.0
99.83279
97.48525
100.0
100.0
100.0
99.68487
100.0
98.14089
98.36106
100.0
100.0
100.0
98.72562
100.0
100.0
100.0
98.49211
96.50293
100.0
100.0
98.37981
98.52134
100.0
100.0
100.0
97.78273
99.62359
97.50855
96.811745
98.52787
100.0
100.0
97.8558
99.88508
98.60252
96.63376
100.0
99.421585
100.0
100.0
96.10973
98.285484
100.0
99.475235
100.0
100.0
99.01246
97.22309
100.0
100.0
100.0
100.0
100.0
100.0
97.301025
99.177
100.0
98.246956
97.168564
100.0
97.30292
99.23123
100.0
100.0
99.52003
100.0
100.0
98.68878
99.26936
98.187386
100.0
100.0
100.0
99.00992
99.413734
100.0
98.55633
96.81199
99.95425
98.65674
96.16167
100.0
100.0
99.7036
97.56813
100.0
100.0
100.0
99.42988
99.28887
94.88083
96.67687
100.0
100.0
98.537506
96.76997
96.71368
98.224686
100.0
100.0
97.472984
100.0
100.0
98.86341
95.16888
97.71696
100.0
100.0
96.6803
97.99903
98.43829
100.0
99.335266
97.04803
100.0
100.0
96.08892
97.094284
100.0
100.0
100.0
100.0
100.0
100.0
99.410576
100.0
100.0
100.0
98.24573
100.0
98.11446
97.721054
94.62442
100.0
100.0
100.0
100.0
97.056335
99.63372
98.354164
98.11435
95.23651
97.97245
100.0
100.0
100.0
99.522285
97.486206
100.0
99.95067
100.0
97.83616
98.51914
100.0
96.19086
100.0
95.90692
98.866806
100.0
100.0
100.0
99.222374
98.07332
100.0
97.43103
100.0
99.73549
99.318016
99.59992
100.0
100.0
100.0
100.0
97.934296
100.0
100.0
97.67083
100.0
98.55864
97.57786
98.40344
100.0
100.0
98.91443
100.0
99.30102
100.0
98.324585
100.0
98.020134
100.0
99.49873
100.0
100.0
99.12274
98.04831
99.003204
100.0
100.0
98.61256
100.0
99.29239
100.0
98.18829
97.896324
100.0
100.0
96.34912
100.0
99.25564
100.0
100.0
100.0
98.72415
98.8674
99.818184
97.21843
98.515175
100.0
98.113235
98.396286
95.81074
99.46072
100.0
100.0
97.47144
100.0
99.45311
100.0
93.4416
100.0
100.0
99.778465
97.67656
100.0
99.55417
100.0
100.0
100.0
99.43566
100.0
100.0
95.92638
100.0
100.0
98.983406
99.78525
99.779366
99.37378
100.0
100.0
99.54028
99.066284
97.84045
100.0
98.005005
98.24539
99.14814
99.64247
99.74259
97.982315
100.0
100.0
100.0
100.0
100.0
100.0
99.28198
100.0
96.999016
98.40524
98.676285
100.0
100.0
100.0
100.0
99.02683
97.63266
98.98846
97.380424
100.0
100.0
96.27084
97.50592
97.463356
100.0
100.0
98.4736
100.0
100.0
96.69111
100.0
100.0
100.0
100.0
98.81035
100.0
100.0
100.0
100.0
97.52749
98.41019
98.620895
97.089325
100.0
99.3586
100.0
97.802734
97.681984
99.014046
99.09323
100.0
100.0
98.73542
99.451485
95.87234
100.0
99.934296
99.07721
96.24088
100.0
100.0
100.0
100.0
100.0
100.0
96.14967
100.0
100.0
96.94526
100.0
98.66873
99.05108
96.71336
100.0
97.11937
96.752
100.0
100.0
98.30713
100.0
100.0
100.0
100.0
100.0
100.0
100.0
100.0
100.0
98.52347
100.0
97.62368
100.0
100.0
100.0
98.156715
98.11632
96.14516
100.0
97.63319
100.0
97.09256
100.0
95.280136
100.0
100.0
96.20325
100.0
100.0
100.0
100.0
95.03244
96.283676
100.0
100.0
100.0
100.0
99.891495
99.27566
100.0
99.01197
99.175735
97.7807
100.0
95.10077
97.11744
100.0
97.24403
100.0
98.73749
100.0
98.53487
99.853096
100.0
99.88267
100.0
100.0
100.0
100.0
95.86082
100.0
100.0
100.0
99.31479
100.0
100.0
100.0
99.84963
100.0
98.742065
98.88231
99.8482
99.52223
99.15293
100.0
95.9095
100.0
96.92485
100.0
100.0
100.0
100.0
99.976135
100.0
100.0
100.0
97.66952
100.0
100.0
98.77353
100.0
98.12834
99.83786
100.0
100.0
100.0
99.00723
100.0
99.936264
99.146286
100.0
99.58836
100.0
100.0
96.9689
100.0
99.01696
99.62051
96.409164
99.33536
100.0
100.0
100.0
100.0
100.0
100.0
99.38469
96.99095
98.94377
100.0
100.0
100.0
96.390114
98.718094
97.10392
97.023705
100.0
100.0
100.0
100.0
100.0
100.0
100.0
100.0
97.15172
99.928795
99.65415
96.63722
100.0
98.97558
99.924126
98.74216
99.70451
100.0
100.0
100.0
100.0
100.0
100.0
96.86602
100.0
100.0
97.5664
95.975784
99.24362
98.745
97.08441
100.0
100.0
94.88847
100.0
100.0
98.21405
99.08312
98.46494
98.68902
98.277664
100.0
97.116234
99.6631
93.8299
100.0
100.0
98.91957
98.752426
100.0
100.0
99.40899
100.0
100.0
98.50024
100.0
97.9563
98.424644
100.0
97.69365
98.651985
100.0
99.41292
98.40296
98.02577
99.57437
99.96005
100.0
100.0
100.0
100.0
98.68816
100.0
96.83774
100.0
100.0
99.07408
99.610985
99.78407
100.0
99.20327
100.0
98.376045
97.13948
100.0
100.0
100.0
99.31061
100.0
100.0
100.0
100.0
98.305725
97.050514
99.090935
100.0
98.07526
99.39945
100.0
99.32152
99.473175
98.72408
99.485085
100.0
100.0
98.672554
98.878586
100.0
99.61457
99.75419
100.0
97.08186
100.0
99.096855
98.725235
100.0
98.71644
100.0
100.0
97.01316
100.0
96.41502
100.0
98.56944
100.0
99.66861
98.67781
100.0
100.0
96.628265
99.02409
99.98274
96.63178
100.0
100.0
96.97812
100.0
99.78541
97.294655
100.0
99.725266
100.0
100.0
97.134315
98.64462
100.0
100.0
100.0
98.38996
100.0
97.52897
100.0
100.0
100.0
100.0
97.56801
100.0
97.85711
100.0
97.65922
98.370224
98.08675
100.0
98.91962
100.0
100.0
100.0
100.0
99.79086
100.0
98.14758
98.9961
100.0
99.41582
97.97104
100.0
95.63927
97.39264
100.0
100.0
99.64731
100.0
98.20447
100.0
100.0
98.77775
99.9624
98.10325
99.96679
99.81803
100.0
100.0
100.0
100.0
100.0
100.0
98.210915
99.361435
97.84509
99.84051
95.31198
100.0
100.0
100.0
98.89374
100.0
100.0
100.0
99.93445
100.0
100.0
99.146645
99.40435
95.41412
100.0
98.445656
98.32103
99.48519
98.66233
97.7086
98.08805
97.7618
99.63493
100.0
100.0
100.0
99.56021
98.05914
100.0
96.73406
100.0
98.59823
100.0
100.0
100.0
100.0
98.64441
100.0
97.03733
98.639145
98.69572
97.716705
98.45183
100.0
100.0
96.39666
100.0
100.0
100.0
99.67522
98.418144
99.75467
100.0
96.86925
96.49951
100.0
