70.97493
29.104902
40.62764
8.122213
77.2234
23.612928
40.638584
46.478428
21.046303
23.61133
42.26801
64.20606
33.578804
28.714727
82.316734
32.784595
76.22224
21.343746
94.87727
31.328243
11.641119
82.39903
78.596344
61.873936
73.327576
65.39684
23.080229
80.53207
42.671345
3.6753786
92.01676
57.21943
88.18112
16.979267
33.472424
64.921684
0.7093251
81.6261
90.47918
43.679234
36.686687
58.69907
94.39219
97.150215
14.576875
86.12514
48.36497
76.42862
55.589413
47.762146
62.58329
90.7407
90.856514
86.86535
35.523487
36.595234
56.63171
61.352577
59.349514
25.37788
3.064293
77.36631
96.06946
65.649315
40.112366
22.295774
35.78212
76.11756
81.088936
29.370775
48.453625
68.89069
74.26922
99.31913
56.481266
55.192894
76.281784
91.45838
13.942749
75.699814
51.95367
18.33208
13.047168
68.702385
83.39154
90.94097
34.4827
34.776382
59.34736
10.839493
97.96549
34.513905
75.8734
4.748613
64.51179
44.669582
69.336525
93.68216
7.3168426
11.582803
88.498985
34.869534
58.666924
29.725391
79.14104
42.164124
83.11328
53.25711
20.567114
79.763824
22.045115
15.204208
59.761093
99.72666
52.466484
94.658714
62.0223
54.562305
14.17973
97.66567
44.933716
32.050552
71.3355
37.881283
58.4645
25.338234
57.25067
9.5871725
32.116764
22.517382
78.95745
97.52171
5.864678
47.28816
77.45004
89.26035
36.89249
79.441345
35.966568
35.03944
62.540424
25.887766
70.47263
14.914901
64.239334
24.293056
52.82125
59.575706
99.24368
92.70935
34.022396
65.14789
75.73941
90.31448
30.255585
47.46775
83.84503
60.895626
44.934002
71.78976
99.7267
35.15952
37.95264
30.366392
85.46984
21.745565
6.6566615
79.21795
41.286865
93.81745
90.713394
36.055122
86.66908
54.9367
32.834995
98.352844
98.86768
78.58499
53.771324
16.029718
16.180798
57.655132
6.4212723
4.968678
63.632397
48.805374
57.91458
96.0244
78.94355
70.33851
11.374188
87.7318
33.298523
18.126307
96.230515
68.97478
8.3159895
25.448755
24.473019
35.41966
43.946583
70.301056
42.90272
46.941425
88.026245
35.191135
46.946037
80.11912
36.59841
14.898558
35.080177
27.376324
87.17374
89.04907
55.248547
68.0969
11.171094
8.520804
72.65503
37.79061
21.438414
39.359577
74.85091
74.484505
41.6458
30.623608
29.395264
42.388325
61.31074
83.88877
86.33917
36.618267
21.984613
57.91992
35.542053
88.06632
70.39638
18.121614
97.77125
75.65986
57.569347
70.81504
10.898759
25.912106
49.933094
82.0007
79.63393
10.866055
88.982216
79.00858
8.86542
22.675003
32.982285
56.45511
0.13356566
57.007168
15.943865
87.12074
77.48443
93.71012
95.58651
17.16208
77.46459
50.511646
48.287598
16.117388
43.10735
93.447426
42.902176
32.21695
84.44582
53.072594
13.440691
55.971413
48.335045
13.110475
3.7254148
7.321563
67.51128
7.002321
38.450752
21.884933
55.197376
41.122017
47.235954
38.925945
62.569263
41.50094
25.595402
46.213272
21.775976
12.372085
31.441597
84.9406
86.05349
7.1310635
83.02137
79.696236
68.76467
19.448025
26.776701
1.8666716
3.8986661
50.207333
60.06549
73.189316
45.818676
10.20726
1.5005106
83.31796
88.01502
77.64199
95.220314
31.218235
84.064316
41.903435
9.037691
70.94951
67.21715
15.670348
39.166992
61.693626
89.14911
22.782227
94.733185
25.625269
38.38862
11.238222
51.79988
48.0441
5.5151176
65.45812
95.85455
7.9544907
59.155743
14.806487
99.71254
26.80204
71.580124
65.313545
24.538475
61.964176
20.525211
21.726843
42.739147
60.14127
0.65523475
10.062999
12.06603
56.217407
1.2877862
77.53671
75.803604
77.715294
74.8648
85.66317
64.78016
31.17185
12.847931
35.71258
46.234524
68.40594
36.79341
88.40884
74.63726
56.14389
25.847397
63.81116
11.874034
49.801125
41.79478
31.854351
57.432953
44.204594
47.533993
22.95115
8.507276
34.277565
36.70889
70.84755
18.47817
97.873985
83.79598
3.9382844
96.799446
53.95575
63.38068
65.313896
68.17626
31.544428
48.009277
71.95592
30.80764
76.05006
78.48808
11.546702
12.023037
13.373045
25.063292
5.5896406
46.49416
66.406044
48.876225
68.47419
35.247696
82.24579
61.594364
60.521248
54.79427
52.9045
31.150906
60.244034
55.06302
48.25105
72.952034
52.950676
24.643274
87.098656
13.167618
79.661575
0.55656904
97.768394
50.32173
41.959156
79.49354
58.237106
88.62375
58.316765
50.231518
70.92841
33.37304
41.97403
48.775993
13.106478
71.6601
15.911383
83.42441
16.149511
33.19661
48.41543
82.21482
42.61434
49.661625
34.92231
79.72797
66.41686
75.53974
30.569347
3.2003055
15.569997
54.617393
18.250797
13.673391
29.421976
69.48818
38.74224
50.073475
23.542734
42.87267
52.773426
98.916405
14.90942
2.4566655
59.80301
35.787895
15.154332
15.227449
91.38497
46.87262
88.41167
26.758795
40.5807
89.18563
7.961419
47.23759
49.339565
37.810875
51.226395
71.15613
84.436035
26.313297
21.401953
61.061035
54.94421
67.63398
83.4845
63.020092
30.731997
4.930979
27.710133
2.3122575
14.632653
29.43624
72.82384
25.826672
49.846138
28.314638
20.819706
96.29175
70.99076
91.53326
61.023808
16.464182
84.80923
81.17345
28.823677
100.0
100.0
42.665333
3.6331594
31.820408
60.003574
11.845273
59.953583
75.726685
33.057507
56.601517
57.978542
14.443374
100.0
35.429157
9.273416
9.85016
0.0
26.690344
62.634132
47.64447
35.095425
10.979405
4.865077
46.201645
0.0
0.0
23.27405
0.0
0.5652547
0.0
