54.46904
48.63947
8.209298
4.8550463
72.15521
25.172909
99.81146
64.91333
92.484634
37.66128
43.05077
81.62445
89.40128
5.408044
70.34129
52.53384
14.02496
64.6621
27.888262
81.91334
62.8937
63.9811
38.515034
56.066463
10.279699
74.86799
35.35632
5.173227
1.7146794
10.635188
34.67722
39.00134
17.07731
27.902737
95.38296
10.24142
48.049343
66.137085
39.493492
87.79018
94.41308
79.708984
1.8017049
20.530043
21.203878
68.72187
28.73207
84.26817
69.913246
32.983654
48.24636
12.411709
72.21791
89.00294
88.24381
19.135977
98.81917
99.65205
96.466675
51.509354
90.275116
7.617749
74.1779
56.466633
2.7567759
72.18843
74.87405
12.856889
63.067673
82.66535
19.04658
8.890496
39.51646
95.1629
11.126422
98.24341
70.86221
0.36692935
26.51749
90.21743
6.0082183
65.89253
66.50292
41.45319
22.053007
79.693405
96.869225
45.160736
78.60186
53.533756
90.36812
80.494576
39.16261
59.61068
29.966484
93.63924
33.91209
99.88666
91.54631
80.84637
77.16467
53.28875
23.123348
93.31809
50.965244
71.65954
76.40522
31.187473
73.42042
58.440678
25.432873
33.761566
77.852646
46.82024
47.67718
39.7045
32.52257
97.66674
26.220247
32.523926
38.101368
6.317457
85.35783
73.087616
8.6413145
23.181234
57.9543
65.57623
56.842514
22.161787
85.4296
2.084417
23.735546
47.77732
45.287907
15.64752
9.860294
10.575375
84.77719
96.172066
44.820126
54.829895
44.25681
91.95701
93.06923
13.272963
2.8781562
28.17023
21.000616
3.8127604
44.678185
9.567857
2.1117482
49.009933
55.61033
15.399805
50.704132
92.80438
13.846385
37.845127
46.426857
51.499115
76.942894
36.29521
81.939354
52.431873
66.91613
19.295202
96.68567
93.948074
38.85717
90.232574
57.90727
57.32611
29.940332
67.208626
57.865685
81.584335
41.42334
41.34025
39.506287
17.438753
38.929756
71.745895
61.297127
26.509968
51.991814
18.064651
31.241755
37.805733
3.968379
38.978024
56.477398
13.162501
7.814682
24.367521
41.429962
93.12033
49.10321
99.454155
73.244705
76.34751
61.63924
35.62023
86.83187
73.4492
53.666626
6.749728
26.465704
3.0307996
95.09442
48.99106
24.566086
61.34689
62.79733
8.240599
40.236725
20.0934
99.70723
57.88124
49.011986
31.843775
12.118551
48.52133
97.043495
61.29063
38.740826
49.080803
13.13584
39.79926
15.404758
48.715775
0.73077965
20.692106
14.767665
99.26508
77.1429
97.16606
25.123459
28.2247
80.97706
63.250122
90.058945
30.594896
56.849373
53.3903
16.151917
30.85136
82.694496
43.514835
54.986073
92.65117
82.21354
62.8425
12.38
73.010544
6.972793
47.99082
90.16519
46.202732
83.93683
43.169785
48.915672
58.774628
20.103645
55.886505
4.002849
30.331703
99.727
57.038673
83.81545
37.390854
59.152355
95.95478
35.144543
15.101953
59.47736
51.74889
93.40496
68.29244
50.362617
57.152016
60.00703
18.417006
61.97174
73.5686
47.4435
89.46864
61.187122
98.44556
58.621193
47.069847
11.738201
99.455475
46.97609
54.105167
71.98044
64.35789
47.556076
90.07451
14.310031
43.081314
36.16386
48.397804
87.08471
27.46733
31.818277
35.660507
72.76684
83.64233
28.176329
14.018555
43.921253
79.95038
14.105514
99.50692
60.083466
12.860449
23.256403
80.886536
91.75678
57.45993
17.551264
34.778942
39.92657
41.376984
67.255974
28.277695
88.120766
83.783424
33.921
82.913414
14.143206
33.309338
50.205444
33.5259
5.461926
99.17927
4.60345
21.688057
90.977646
32.853138
72.850914
13.823016
47.861263
48.898796
23.157286
78.051476
84.97342
56.038185
63.19295
65.1184
57.900143
61.69254
12.934716
6.3041825
92.92763
95.74859
50.792534
73.18953
65.73336
37.078793
96.92216
97.699455
10.219989
13.054541
28.658766
64.19439
22.719725
78.26577
89.984314
81.93127
48.888493
10.101603
86.064674
58.087124
78.06281
47.585064
97.66552
56.65964
46.75034
9.59085
34.459637
73.90886
40.804493
37.304077
0.709253
14.26939
55.79167
1.6113919
90.63313
46.297543
41.276592
23.634249
22.305193
34.88059
94.94179
15.135388
0.9389067
90.10017
5.318363
88.07132
82.8845
2.3873587
48.73644
84.28757
62.030865
45.858585
74.21906
49.066666
13.997859
11.281282
72.98517
11.751686
64.35706
36.61752
60.619766
8.484213
80.949326
59.769337
94.37994
51.95576
67.05684
89.28731
14.388988
21.068846
57.192585
44.41588
34.6385
55.918327
54.493977
76.90026
35.868633
14.237483
94.21382
27.682873
77.20187
46.404346
64.586876
5.3186073
83.496544
95.38607
2.4193177
34.101337
44.945843
17.464718
52.310318
93.11582
88.14814
7.7018547
59.078403
76.19054
26.458296
51.84445
6.689895
68.612976
10.68626
36.967422
56.366825
11.233423
81.858086
9.073495
44.592686
22.634676
26.082294
27.553236
25.559803
7.1245785
83.33973
79.81363
52.78913
65.46218
40.786144
60.868206
73.37631
69.97403
88.73685
17.173925
85.86488
72.71243
37.19471
44.25262
58.958603
16.441319
59.28788
90.30375
27.189268
60.34275
81.44527
40.43004
33.582928
94.43075
63.07798
7.305652
59.87809
59.829803
33.78511
85.34435
11.226869
99.40562
75.83395
59.860237
16.75354
80.76147
85.17689
35.140827
100.0
100.0
52.56784
7.9009
33.596943
65.975655
22.094828
67.9762
84.793816
41.416317
59.628963
64.53705
19.85482
100.0
47.127037
10.293513
9.371042
0.0
26.25575
60.415203
56.043232
38.552876
15.175295
0.0
52.20604
0.0
0.0
21.992996
0.0
0.0
0.0
