78.0541
84.72028
77.90634
82.90917
18.182436
65.15196
93.04954
79.37313
99.85552
99.235016
44.584892
4.095229
96.18185
63.87006
19.550941
5.933846
86.4898
94.89254
73.289894
89.54697
93.18139
75.54932
79.40737
10.856301
33.053528
21.036785
6.937648
65.07547
74.18507
58.46974
9.977597
54.6453
67.33596
63.886017
58.612385
46.94192
55.249172
56.474865
82.584724
62.438183
61.876945
1.9549648
95.18279
82.373695
68.758
8.168209
31.840475
76.99783
66.20519
34.25594
30.067907
47.77194
73.23175
4.542183
32.454945
95.43304
64.04578
56.707607
91.07619
52.36235
28.374495
74.80264
99.42297
63.86743
30.319893
13.6907625
88.04807
24.83994
82.54003
96.67023
97.633575
32.679836
73.40776
55.454475
9.903683
27.832962
91.68604
10.141814
37.38412
89.25763
87.405556
87.94141
69.44572
2.6453295
76.448166
33.25272
57.651733
0.10387192
60.641563
79.94427
46.720787
61.50898
13.231968
90.96507
84.79299
37.156887
97.59176
64.14495
57.22705
42.769447
50.0
0.0
0.0
0.0
0.0
0.0
0.0
0.0
0.0
0.0
0.0
0.0
0.0
0.0
0.0
0.0
0.0
0.0
0.0
0.0
0.0
0.0
