98.80748
95.809944
82.91108
28.668545
71.632095
80.17546
99.204666
61.160736
8.334338
14.043295
30.506668
82.765305
19.785639
88.593285
68.9341
12.080289
70.03886
10.937877
13.757633
9.675351
22.828625
25.558613
0.52518624
22.095808
18.504177
81.64285
33.570873
96.98171
6.7599206
49.384846
81.768776
61.036526
3.9594266
32.17343
16.959707
96.57226
41.636963
86.6746
11.972449
58.91189
59.165302
59.17725
99.22273
41.10177
86.07923
70.93841
75.14189
99.89498
86.1286
49.062405
61.8326
20.030449
78.447044
12.806254
59.711468
66.96654
51.784256
67.84717
38.128536
64.814545
30.8261
87.55317
4.4078503
13.120686
89.62523
73.34805
60.420517
63.844723
76.98883
73.85793
26.009243
69.38009
7.7986355
15.311501
10.0451145
18.406582
25.47739
94.07973
16.153088
3.0550156
71.710014
15.566167
25.381336
89.71674
92.42944
29.251738
90.18544
88.29961
44.811745
16.86115
90.5894
73.41818
67.48901
74.331566
83.26227
97.73824
44.477562
23.873035
9.717655
91.008255
50.0
99.99982
75.25581
72.09045
71.792244
71.189766
71.189766
71.63434
71.63434
71.33316
70.57988
70.57988
70.57988
71.33316
71.33316
71.33316
71.33316
71.33316
71.77626
71.33316
71.33316
71.0299
