29.016369
78.59911
94.909096
96.88865
18.665892
67.874535
79.7343
69.92746
43.88868
67.24909
81.1361
31.955137
8.764424
48.962585
37.784824
2.6252096
10.750262
93.76032
55.463165
98.7013
33.02353
34.06439
88.270996
88.74589
91.40917
11.152695
52.72798
48.230335
94.69314
8.816394
59.08065
3.2500749
24.070227
2.1198707
23.84896
69.082565
43.18232
70.078156
89.726135
78.87013
49.914192
32.355946
79.19245
83.18639
71.32693
0.5777844
54.314335
19.548458
58.377895
86.60306
17.52302
18.737782
70.80776
13.697412
43.361286
90.820915
63.305664
11.011449
38.713253
91.05011
1.823092
76.3461
95.38013
91.236496
58.23025
63.001255
79.00983
33.165504
69.77612
31.403877
50.920612
63.025574
8.738769
94.33025
57.469997
98.0852
54.754097
98.38899
91.589195
51.06665
18.770353
34.923454
43.943478
82.12616
74.8166
61.907345
70.23559
29.858835
91.34745
74.95064
55.451504
82.59905
52.56471
79.12872
33.822235
8.542652
49.819714
52.492996
91.96215
97.451225
67.63437
100.0
91.00698
100.0
100.0
87.40879
100.0
90.6954
100.0
85.88873
100.0
