71.97998
74.1274
52.109154
36.35547
36.69623
39.30563
55.590996
30.438677
19.14027
23.934498
65.834656
76.12435
22.88091
76.432076
73.177704
64.64828
49.431347
86.21051
24.10057
27.39514
9.541124
96.36451
3.5643096
42.929615
33.52118
50.735764
23.895962
86.27096
22.21654
90.0616
16.917812
16.667461
17.837631
64.75623
11.555421
42.095337
81.653534
91.785446
29.523085
28.167448
16.929148
94.97604
17.049845
79.669945
61.53309
65.59416
73.626045
1.3350811
91.34209
36.830826
46.480885
7.5238047
97.22742
60.633327
33.94733
94.28251
35.63317
36.224392
2.1319096
43.685207
47.993
47.345097
79.48617
5.1793118
3.6433134
53.74987
78.98452
68.01458
85.11496
71.10467
50.847572
59.05064
16.94788
7.5688276
81.42448
3.4770782
33.826332
75.227646
97.472855
72.84921
51.617134
29.330748
55.568626
99.13732
51.151215
86.57667
0.35750735
50.341152
25.972324
22.036453
42.121647
70.12646
61.92503
72.75114
4.271692
6.4965763
10.535979
75.07919
18.334557
9.3721695
67.63437
15.88406
91.00317
100.0
100.0
87.40879
100.0
90.6954
100.0
85.88873
100.0
