24.386494
67.55225
9.100566
34.695942
39.807545
65.58669
23.399307
19.455627
62.490543
25.539598
41.005196
26.50158
47.897316
73.37488
97.97121
78.53723
15.901052
56.10656
53.332672
54.770695
93.21236
6.223095
86.90747
12.97343
40.91834
41.49273
50.819893
68.697495
69.64963
38.213375
72.06673
9.717872
84.53864
22.949196
28.599903
42.151363
59.868896
58.43697
11.861688
81.473785
40.02346
11.230647
15.644828
31.168879
15.772134
82.97317
55.29175
71.56873
73.58495
69.959015
99.53204
95.89661
90.69353
52.41659
67.91007
31.714949
74.97643
48.414642
30.715223
16.245152
50.342045
77.97213
67.41715
47.40576
57.945545
9.222523
65.948395
