37.654213
24.581284
15.74357
66.030594
14.996074
23.826769
12.579021
11.350523
79.06122
70.80199
12.878751
95.38473
86.21405
4.5104795
95.178696
55.61101
9.803102
84.2545
67.28553
59.705357
57.742203
59.048378
58.748882
10.666698
16.878134
29.339045
35.39531
88.23076
71.49143
43.359943
25.072475
37.39607
95.0302
57.44993
69.461685
24.365797
40.31899
59.055473
80.61422
78.67275
31.201368
84.805565
44.55803
85.35454
97.80146
48.713757
92.07191
86.09908
40.02472
23.172447
64.21668
50.05254
59.569363
77.09137
23.385656
4.5198708
30.92379
42.149868
79.85717
30.061201
65.80775
87.99486
48.773865
27.636114
25.81442
94.432365
2.7124958
