53.03948
98.973
97.44519
100.0
100.0
97.823074
100.0
100.0
100.0
99.305176
51.33238
100.0
98.413734
98.873695
98.36036
100.0
100.0
100.0
100.0
100.0
51.904808
96.814026
98.59673
99.238464
94.145836
98.50459
98.681946
99.058464
100.0
99.76283
46.650043
100.0
100.0
100.0
100.0
100.0
100.0
99.134186
99.8116
97.45783
52.866543
98.28792
97.41835
100.0
98.48395
99.43223
100.0
98.53481
97.66763
100.0
46.925076
100.0
99.347984
96.65388
100.0
97.42373
100.0
100.0
95.37053
98.65502
48.37541
100.0
98.0013
98.78216
96.96132
98.0361
100.0
99.974014
96.70672
100.0
52.839638
98.00042
100.0
98.71348
100.0
99.48262
99.469604
99.10031
94.04633
100.0
81.1078
98.73374
96.44491
99.2524
98.91618
100.0
100.0
100.0
100.0
100.0
89.27738
97.87422
98.93707
100.0
100.0
100.0
99.49294
98.35697
100.0
99.15631
