53.03948
92.427704
96.41041
100.0
99.73011
96.788284
100.0
99.939606
100.0
98.27039
51.33238
95.918976
97.37895
97.838905
97.32558
100.0
99.22761
100.0
99.99749
100.0
51.904808
88.24862
97.56195
98.20368
93.11105
97.4698
97.64716
98.023674
100.0
98.72805
46.650043
5.36201
93.48018
99.107704
100.0
100.0
100.0
98.0994
98.77682
96.42305
52.866543
90.91485
96.38357
100.0
97.449165
98.397446
100.0
97.50002
96.63285
100.0
46.925076
89.292595
98.33268
95.619095
100.0
96.38895
98.978424
100.0
94.33575
97.62024
48.37541
90.033676
96.966515
97.747375
95.92654
97.00132
100.0
98.939224
95.671936
100.0
52.839638
98.00042
100.0
98.71348
100.0
99.48262
99.469604
99.10031
94.04633
100.0
88.65994
98.73374
96.44491
99.2524
98.91618
100.0
100.0
100.0
100.0
100.0
96.21609
97.87422
98.93707
100.0
100.0
100.0
99.49294
98.35697
100.0
99.15631
