67.30346
44.975838
48.4871
88.76462
45.370758
65.180305
34.968693
18.014639
4.724725
44.15399
23.637522
71.25799
5.905116
37.240875
63.62668
51.234035
47.545807
67.65279
5.7707195
99.637085
20.041384
76.32294
48.22395
12.143701
24.619884
38.931667
6.1216645
93.04072
59.203884
17.87814
24.559095
45.30136
99.628075
99.36295
54.446964
15.1748295
2.451506
82.15853
92.06696
87.475555
61.386364
87.17353
39.97591
75.39764
16.763462
15.94373
98.650764
19.136368
31.30046
0.67550075
92.00264
36.05218
75.587135
41.65368
52.28238
57.73325
4.400843
9.245084
72.23608
44.229347
39.475224
68.5371
66.61587
45.600254
51.58006
65.215904
35.58965
39.715088
81.01772
26.49276
44.75158
0.51128703
93.004585
79.40208
11.208432
81.17936
14.198966
81.43957
96.21525
70.38063
83.380455
34.433563
74.682884
44.276012
18.284838
92.20935
28.793854
69.446175
56.54369
78.45111
82.3901
57.098103
97.55772
49.32064
55.34817
43.546066
34.14737
41.54014
11.375294
54.421852
8.513834
9.314905
25.113232
64.24864
14.493042
54.255276
41.602364
12.078962
96.14529
53.90562
94.425964
44.47521
58.511555
78.12295
23.954834
15.272827
92.854576
97.666275
1.1138836
98.85464
54.08404
99.092636
25.523577
49.136566
12.509915
58.87538
44.311016
7.29539
66.80038
53.203564
90.38018
95.2485
46.22216
88.55414
17.386156
59.949677
8.35581
82.897255
32.16241
58.99554
1.7050856
30.006716
62.334667
3.274385
13.094621
93.68469
7.908079
72.313705
94.08968
41.758835
14.183282
71.91028
11.129958
59.597202
3.2129014
5.1814837
5.6657596
22.980137
21.650406
27.807608
11.587392
50.068825
62.37548
61.669132
55.810146
8.949716
70.51831
41.589535
35.82377
11.074566
37.28547
58.20519
83.07665
58.42285
4.8054247
1.4097824
79.65301
60.86024
59.20515
85.41268
60.804516
55.55475
31.371387
97.02501
36.102207
4.653297
2.240942
89.13244
58.98896
9.826958
37.44355
18.939243
78.34495
84.37402
83.03439
40.671944
5.9913015
93.54976
21.042866
31.530094
65.99889
92.64735
27.454771
6.7945113
34.274975
53.17813
10.720643
9.80315
35.122955
81.08771
66.31735
89.44769
19.789621
43.17164
20.348057
81.27746
65.7694
4.5583854
93.32587
43.344826
67.18672
44.239876
22.634663
37.87627
51.48482
83.66845
97.153595
23.646578
82.1672
87.08262
9.563306
12.598053
90.67477
99.08148
89.985085
85.52672
47.10449
33.427826
40.50012
26.595451
78.070206
81.334625
49.881996
57.962437
26.055246
80.60452
99.667564
77.95812
15.194255
59.65402
4.110207
9.881729
52.60549
64.77941
63.843304
0.791838
39.016994
49.874363
52.436256
57.578945
21.375273
95.19801
94.99179
9.656784
83.45791
52.285862
12.873756
0.78757465
51.25406
66.75295
64.30092
35.909695
12.3615885
46.235584
83.536194
11.573881
42.371864
90.11467
31.956316
16.714941
35.739693
53.774036
69.51467
87.361404
15.370681
62.276714
33.823875
0.88604593
46.18097
95.825195
61.7892
88.46186
50.049408
18.326916
3.00734
30.230799
58.71618
61.59246
22.025898
34.23297
6.455346
76.73626
42.642235
35.388466
76.61061
30.473728
95.79682
78.56747
14.547352
92.47839
8.582834
31.346388
5.8930583
86.29605
99.75613
61.869534
11.476795
57.068077
14.440352
19.83755
76.06822
46.76044
36.610214
65.36043
41.203842
8.302293
96.41748
33.52795
5.385825
81.79675
44.18523
69.908844
53.886105
14.677694
20.89151
33.7479
89.1626
29.082129
55.450325
3.845714
2.3538666
17.601435
44.131744
42.869793
55.394142
94.25723
96.338196
10.597178
51.958286
89.803
69.30974
60.18894
50.34836
97.097275
52.798126
26.297195
88.48955
27.386774
37.342636
99.765495
46.15241
79.3137
53.05708
86.95382
9.071863
38.999676
94.10274
11.940968
36.58126
17.84944
75.106155
58.430542
7.964177
4.1987247
20.934391
52.795986
63.17403
55.82233
62.179897
96.78777
12.717318
4.6600738
54.746483
93.70566
56.10799
51.01852
88.36385
58.868385
81.866066
18.119333
9.176351
18.024216
35.256832
70.05
42.424187
38.27187
72.812645
52.890076
0.33706614
51.417553
64.1158
48.981853
67.91571
99.52802
59.366257
11.1420355
66.3292
54.053474
55.250816
63.124603
43.53134
11.289681
65.53455
0.8050929
48.76377
12.7465
52.628376
25.456747
68.925415
3.2074778
48.950695
5.988457
73.521515
53.394146
45.22743
90.82728
78.89503
15.23688
66.27352
24.475065
26.863274
55.057686
89.952934
43.760696
55.09066
4.6911697
24.229319
22.499846
82.8426
75.89783
79.66368
43.31501
81.24205
9.598031
78.583534
19.271698
44.381004
37.94083
78.76893
53.873295
49.230083
16.302631
78.95911
70.86517
26.732449
55.754135
3.759729
84.52627
60.36981
43.961624
8.13124
39.368343
38.509945
52.540752
62.59965
37.056725
53.979942
90.858444
18.765158
15.501058
26.801718
18.03196
21.85664
26.739925
74.14154
37.406876
42.780113
57.097122
5.4721336
98.03659
79.05702
6.97675
13.424282
90.32352
38.447853
86.700096
23.29098
22.861399
6.5477624
30.27419
39.974983
28.873844
25.139498
17.1479
48.95269
45.615234
70.84323
14.984185
7.968308
82.57288
