62.171867
44.04131
67.80237
28.556927
38.59837
16.085052
98.22746
7.658655
45.191685
53.790134
63.15265
67.91822
5.695696
62.29688
45.113457
75.09276
49.699093
46.06526
7.116499
28.482515
15.519758
52.284817
72.75704
45.340534
39.546684
63.12
75.35365
27.906027
21.34727
1.8465533
18.041662
56.018646
35.264725
0.19555093
99.42969
41.878098
71.53453
86.61523
88.72734
79.71333
35.85793
26.143066
3.9133654
60.58964
62.653263
80.81272
16.96535
67.76563
20.860352
73.723625
38.727394
0.56304085
8.7357
76.10885
91.800415
29.570398
45.464947
11.681957
27.87259
56.128872
23.71122
51.03979
90.57215
61.762203
94.42136
39.666744
56.097233
1.9845752
60.86055
85.14372
68.196846
82.85954
92.23747
62.18341
7.350159
1.9743344
57.053024
66.25701
12.601282
78.51807
68.54197
6.3545218
49.226376
84.813416
4.8152533
43.49089
42.57234
63.85886
19.951334
53.43834
83.26272
89.62044
72.701515
80.314415
98.27462
2.856483
11.717872
99.799225
7.374719
68.58709
12.364393
95.019035
78.98582
58.948917
93.22505
74.600235
30.74261
49.784744
58.641426
49.062443
54.282616
48.18687
97.84035
16.551085
56.78412
98.35938
89.50134
35.731228
47.366146
72.4552
77.58798
28.431648
2.5049546
92.31934
77.27407
49.164536
85.17041
69.08129
99.07125
70.00342
80.58068
25.138924
73.18315
40.384663
42.156445
15.662439
69.6347
58.503487
93.565346
75.14814
69.805084
8.559041
54.588932
75.87196
59.72956
84.01433
75.22967
74.81148
97.87278
98.81567
72.88259
13.496413
17.131557
86.28879
73.6251
7.884866
72.610954
24.996378
3.0228748
14.836774
60.31759
53.999653
4.6913877
80.43514
92.32351
66.31332
21.79206
51.684204
2.4145594
61.40747
20.524248
58.798866
26.218039
86.935486
99.143524
15.674212
62.355083
66.64079
0.10902905
39.312897
69.56423
6.769324
28.230383
52.977688
32.847473
19.545443
72.74573
20.577614
68.84724
61.21821
16.020596
95.32495
59.19032
90.83251
33.019176
72.15217
46.37621
40.138943
71.553604
77.25991
85.13225
0.3204041
39.460537
64.55298
42.77068
36.358585
40.404922
37.027817
16.699844
36.896217
12.598253
58.554737
76.72096
4.1687684
75.903206
41.360027
6.281828
65.98265
37.82192
9.824207
47.21637
82.617
9.398092
13.360278
12.664226
94.34619
1.5890445
71.07146
88.01263
79.13935
41.216175
0.14858216
15.069297
51.036083
50.077614
49.55519
58.28646
83.21039
94.99417
18.452562
24.550756
90.224625
82.50672
11.282262
50.029625
69.53918
40.2705
66.15634
87.33858
34.236332
95.535934
69.17018
63.327393
31.56191
40.94742
26.46899
0.7565781
30.228094
66.62181
92.60454
10.724792
62.945465
53.95357
50.07032
85.30783
30.955574
39.368984
17.880999
96.64745
94.180756
68.766205
35.60138
69.188194
44.76071
83.772194
78.54923
29.877153
2.6129494
67.47204
3.015549
68.518906
79.78698
48.84828
6.922404
39.316505
81.813416
36.627712
75.340805
31.048756
19.798239
36.519787
60.95363
88.19626
9.573534
94.59822
23.811707
7.2924166
57.86697
13.793608
82.748795
56.549007
61.904255
86.702614
14.0076685
5.195247
17.14318
67.01795
85.26006
1.6254523
16.717424
14.494469
64.21391
88.88396
11.47704
43.21114
68.4192
33.25143
61.625824
93.24647
50.63864
33.48758
95.85051
69.31548
87.53939
87.874825
99.6768
90.62338
1.7694489
35.148506
64.56044
63.28667
64.89877
75.646774
46.659554
12.8018875
71.02783
40.540398
44.403564
32.784824
29.04706
4.1850467
53.313583
16.442375
32.369846
58.4877
71.985016
10.331097
59.680416
44.403393
34.16704
59.570835
73.822044
83.98232
28.351719
19.709263
47.825054
19.125418
31.498201
35.5482
44.820045
50.67499
95.30591
29.761452
32.36825
74.20958
50.115456
29.542864
57.402485
97.45815
49.912823
16.779314
62.64854
7.4659247
45.361973
58.70031
43.871765
33.27793
17.716747
17.908976
49.530422
52.589985
43.049896
72.9072
33.696392
35.40836
96.97421
78.43734
5.0731425
34.721436
91.89964
52.39361
29.489473
28.516878
4.119928
73.52625
55.066933
69.64783
53.478054
59.598118
15.330271
74.89812
9.929633
33.970284
13.054697
5.560865
65.81006
89.612656
80.43431
5.2127266
8.241197
17.013813
13.116137
13.686792
98.7556
38.680042
52.066994
4.489578
44.873444
43.522808
62.7168
24.613409
84.54918
44.718616
60.213036
95.247246
62.6418
39.768692
45.94806
73.614044
71.52998
10.574102
38.503395
97.36379
12.825755
63.38541
13.025078
75.96648
34.96609
75.7927
62.341145
59.719124
30.694214
98.09883
4.6381564
72.74781
80.66603
91.71891
5.4380665
91.8839
44.336773
51.127575
93.49925
50.2451
72.64464
22.909887
69.39155
24.045853
7.264456
66.32966
93.62113
42.654324
57.70412
76.92883
2.3555582
7.9592843
35.38409
73.18395
89.376976
83.51557
64.54419
62.981014
80.80914
96.5588
53.756138
54.689167
89.01063
81.70748
30.166222
50.05592
79.37113
56.907864
24.22174
0.7928276
97.2547
55.389137
92.12963
99.29656
50.236126
32.737156
65.57595
9.155459
84.54287
94.24593
96.956085
56.404873
85.023926
94.32113
88.26414
84.99393
31.583893
