51.77858977095578
5.203127112868594
0.49918071456650503
7.5083612033587706
1.2934242389346873
4.937054234608295
4.19102935263172
7.129165850673597
11.45035560853145
14.419738630194178
13.165778581278575
10.43229690707368
8.069738784472364
7.607567505418738
7.280428072694667
16.392534072358195
26.713883347884348
28.51875409409238
29.06396313674381
29.397010042980078
28.34295767895402
27.712426211837172
26.877595484444328
22.533812245116746
12.893711549888708
47.259502848105875
0.8672924780578017
1.9578396775548124
3.8676618425701803
8.30529936879837
15.379215728866614
12.998828610494472
14.37486104816459
8.382783516748788
11.268313392946311
8.551994207018886
5.130948215710124
7.465657905761258
0.0
2.8943083571353387
2.2630178615338337
7.364660886557734
5.141474561153508
5.065393517755357
3.0208587926683017
0.9694247007799861
5.951643070688384
11.255803328857471
12.08567889469267
9.19404173932038
49.726224484695635
0.0
0.0
0.0
0.0
0.0
0.0
0.0
0.0
0.0
0.0
0.0
0.0
0.0
0.0
0.0
0.0
0.0
0.0
0.0
0.0
0.0
0.0
0.0
0.0
50.1959380711136
2.1426191105314185
6.376053044338226
9.55271014241501
6.669949565039824
10.003264728304284
11.507268777050395
8.906738850705132
9.936410025886676
20.904927468671264
25.38063496936508
22.55715374127898
24.474101077979597
20.322034759186746
24.50296447242796
23.204125259522645
13.428330108827435
15.727142812101558
19.549979786547738
15.3516829305676
12.830873746160565
15.2790917274429
14.309675975018266
13.402789508194207
14.309823644574966
