44.6594376905551
95.68894138506407
88.27973254675419
80.57989103784944
79.91271410388818
76.23268586898718
71.99403173122052
75.25240270032404
80.53686959832447
82.03843193177583
80.68965178387116
82.80647736343832
84.48009371349829
87.00744668342759
85.92651760411661
84.70271658374531
81.21749217956635
86.04024501436571
85.1006130051618
92.49371347410242
98.14885761940218
96.62384248179295
100.0
100.0
100.0
44.25778068992384
86.16744965797679
87.97370036706099
82.72919016114966
84.77960536653971
80.56756859116426
77.47741702210762
80.95266437908461
82.65673775404379
82.77242533242269
77.49612379734114
68.78245617132404
75.52368833040654
79.98890142787995
84.16225389761495
82.11239923194225
84.08989433736454
82.16942734389603
89.7470868565227
93.78652017770067
85.92966085988995
90.38398481942394
88.86522658861644
98.0825134270503
100.0
44.82982812050932
85.18375824359961
93.66704448019556
88.40028357972581
78.57681149170557
73.12202637381284
82.2803431209784
87.67779681385863
87.73698831940044
83.21442479247101
87.1727714473576
82.41102405352039
82.18977494959422
80.45618039803661
77.52209125508855
75.44265706948315
77.81662895117576
77.92200518169979
83.51478202084432
83.98585672033545
85.7341664512474
91.51813166160731
98.53738441685121
94.03816422902453
94.37432065562115
46.56713338966111
100.0
100.0
100.0
100.0
100.0
100.0
100.0
100.0
100.0
100.0
100.0
100.0
100.0
100.0
100.0
100.0
100.0
100.0
100.0
100.0
100.0
100.0
100.0
100.0
