48.542458
10.9770355
0.0
47.989334
0.69283545
0.0
52.321507
2.8239279
3.032467
52.943275
0.0
1.6499996
51.50115
0.0
0.0
48.858746
3.752139
0.0
51.753098
2.1489592
1.1246711
48.398132
0.25455058
0.0
53.409897
53.4809
8.879834
2.7141957
51.026787
1.5637666
0.0
49.323677
2.1323414
0.0
48.454254
7.661277
2.2365065
50.947834
1.1003494
0.0
52.401913
1.0156035
1.1830986
52.495937
4.1078925
0.0
48.39203
6.5276294
3.363511
50.465984
50.493896
7.553583
0.005468726
51.51078
4.323024
1.4188081
48.802418
5.066103
0.05312562
53.08575
0.11060238
1.9486487
50.38912
3.6219716
0.6009728
53.04554
0.0
2.9328883
50.432766
6.4834623
0.0
47.935997
7.92999
0.0
51.33897
54.272797
6.7390413
0.0
50.514877
3.0854046
2.7405083
52.32926
1.9031197
0.0
49.353447
9.403854
0.0
49.308018
5.974543
4.406542
54.116695
0.0
2.063942
47.536694
6.2790008
0.0
49.633263
2.1396189
0.0
49.63924
