48.542458
100.0
0.0
47.989334
93.52711
0.0
52.321507
97.8166
3.0324042
52.943275
92.09072
1.6499311
51.50115
95.09157
0.0
48.858746
97.01692
0.0
51.753098
97.45956
1.1246324
48.398132
93.41793
0.0
53.409897
53.4809
100.0
2.714157
51.026787
96.47223
0.0
49.323677
97.020325
0.0
48.454254
100.0
2.2364883
50.947834
95.039955
0.0
52.401913
96.501816
1.1830479
52.495937
99.41849
0.0
48.39203
99.72557
3.3634841
50.465984
50.493896
100.0
0.0054210424
51.51078
98.83276
1.4187515
48.802418
95.99511
0.053060055
53.08575
93.54797
1.9485593
50.38912
97.45918
0.6009221
53.04554
93.231094
2.932808
50.432766
100.0
0.0
47.935997
100.0
0.0
51.33897
54.272797
99.722374
0.0
50.514877
97.20393
2.7404308
52.32926
96.8327
0.0
49.353447
100.0
0.0
49.308018
100.0
4.406518
54.116695
94.50264
2.0638764
47.536694
99.11327
0.0
49.633263
96.358284
0.0
49.63924
